Partially Correct,9.50615E8,3.85436E7|1
Detected,1.146707E9,1.1655348993288592E7|2
Detected,6.70611E8,8131456.375838926|3
Detected,1.20398E9,8376571.428571428|4
Detected,9.84149E8,9368442.477876106|5
Correct,1.059267E9,5900160.0|6
Detected,8.63302E8,8300402.985074627|7
Correct,1.096511E9,4728066.666666667|8
Incorrect,6.67828E8,6091312.5|9
Partially Correct,7.95684E8,1.030592857142857E7|10
Detected,9.83984E8,7971334.928229665|11
Detected,1.001742E9,8481604.166666666|12
Detected,9.36576E8,8565508.417508418|13
Detected,6.56477E8,7032050.76142132|14
Incorrect,1.006738E9,5893000.0|15
None,NaN,NaN|16
None,NaN,NaN|17
None,NaN,NaN|18
False Negative,NaN,1.1307097949886104E7|19
None,NaN,NaN|20
None,NaN,NaN|21
None,NaN,NaN|22
Detected,6.5125E8,1.0120682242990654E7|23
False Negative,1.13844E8,4864928.571428572|24
Detected,1.034101E9,1.3299679347826088E7|25
Correct,7.86854E8,4940466.666666667|26
Detected,7.04333E8,7426336.898395722|27
Detected,6.30334E8,9026000.0|28
Detected,8.01844E8,5823888.888888889|29
Detected,6.84747E8,5885000.0|30
Detected,9.38897E8,8611090.566037735|31
Detected,7.5402E8,8724550.0|32
Partially Correct,7.35005E8,5754666.666666667|33
Detected,1.087584E9,6751520.295202952|34
Correct,1.085692E9,4396666.666666667|35
Correct,1.067791E9,4050722.222222222|36
False Negative,7495000.0,7390753.2467532465|37
Correct,1.008517E9,8863892.857142856|38
Detected,7.05503E8,1.107636046511628E7|39
Detected,6.90333E8,7162662.162162162|40
Detected,8.86752E8,9451401.162790697|41
Incorrect,1.052368E9,6519782.608695652|42
Detected,9.18875E8,7410612.068965517|43
Partially Correct,7.29314E8,5898650.0|44
Partially Correct,8.96836E8,8011391.304347826|45
Detected,6.50164E8,1.234057304964539E7|46
Partially Correct,7.53988E8,6340166.666666667|47
Detected,1.119689E9,1.0130746268656716E7|48
Correct,9.39755E8,5125722.222222222|49
Incorrect,9.66753E8,9890947.368421054|50
False Negative,NaN,1.1159114241001565E7|51
None,NaN,NaN|52
None,NaN,NaN|53
None,NaN,NaN|54
Detected,9.42524E8,9218745.283018868|55
Detected,6.65495E8,7991794.952681388|56
Incorrect,1.061144E9,6079031.25|57
Partially Correct,1.008885E9,6145437.5|58
False Negative,1.0026E7,6766209.87654321|59
Detected,1.043941E9,8318970.0|60
Incorrect,7.13297E8,6202782.608695652|61
Partially Correct,7.7722E8,4798764.705882353|62
Correct,7.1105E8,5712826.0869565215|63
Incorrect,6.5559E8,5958423.076923077|64
Correct,7.84565E8,6667217.391304348|65
Detected,8.59703E8,6333589.04109589|66
Detected,8.71546E8,8728252.032520326|67
False Negative,9331000.0,9469922.58064516|68
False Negative,1.2865E7,9464111.111111112|69
Partially Correct,8.79275E8,7464952.380952381|70
Detected,1.042583E9,8250879.44358578|71
Detected,1.125906E9,8629732.217573222|72
Detected,1.125164E9,8012437.5|73
Correct,9.58464E8,9219382.978723405|74
Partially Correct,1.192078E9,5929678.571428572|75
Partially Correct,7.53969E8,5477238.095238095|76
Correct,6.42105E8,6657294.117647059|77
Detected,8.41E8,7698197.368421053|78
Partially Correct,1.102025E9,7064500.0|79
Correct,7.54E8,5907294.117647059|80
Detected,6.74089E8,1.0173376923076924E7|81
Detected,1.083419E9,1.1206701538461538E7|82
Detected,9.85221E8,6765609.090909091|83
Detected,8.46929E8,9039396.946564885|84
Incorrect,8.29651E8,6110631.578947368|85
Incorrect,1.11147E9,6539800.0|86
Detected,6.6318E8,7972815.384615385|87
Detected,7.89506E8,1.5714623287671233E7|88
Partially Correct,1.21923E8,6432944.444444444|89
False Negative,8862000.0,1.2297108695652174E7|90
Detected,8.67146E8,8500891.304347826|91
Correct,1.040409E9,6008833.333333333|92
Detected,7.32302E8,1.0518126344086021E7|93
Correct,4.78282E8,6719700.0|94
Detected,1.060048E9,1.0506970297029704E7|95
Incorrect,8.88549E8,5359933.333333333|96
Incorrect,9.40237E8,6313800.0|97
Correct,9.64695E8,7194650.0|98
False Negative,1.3414E7,7128094.736842105|99
Incorrect,1.048256E9,6060000.0|100
