1162,Detected,1.139127E9,6856991.869918699
1277,Correct,1.32656E8,4739130.434782608
1380,Correct,7.05852E8,6069590.909090909
1380,Correct,8.70754E8,6198818.181818182
1351,Detected,1.068012E9,8340652.892561983
1686,Detected,1.140193E9,6087968.253968254
1631,Detected,8.92879E8,6676156.25
1631,Detected,9.81286E8,7384937.5
1631,Detected,6.33277E8,6373956.521739131
1631,Detected,6.99097E8,8398145.728643216
1631,Detected,8.93703E8,7217796.875
1631,Detected,6.43038E8,6256434.782608695
1671,Detected,7.63879E8,9082806.451612903
1603,Correct,7.35463E8,5223592.592592592
1603,Detected,1.009882E9,8147548.9130434785
1603,Detected,6.72031E8,5715134.146341464
1412,Correct,7.79992E8,4142466.6666666665
1412,Incorrect,1.003606E9,5479347.826086956
1412,Detected,7.86471E8,7353398.4375
1830,False Negative,7796000.0,5265649.4845360825
1830,False Negative,1.1524E7,6473018.181818182
1533,Correct,1.029673E9,4781470.588235294
1533,Detected,6.8173E8,6201060.975609756
1533,Partially Correct,1.091117E9,4697500.0
1763,Detected,6.136E8,1.055598245614035E7
1763,Detected,1.005865E9,6782236.363636363
1846,False Negative,7.95853E8,4446533.333333333
1846,Detected,9.90787E8,8187666.666666667
2019,Partially Correct,1.093109E9,6349411.764705882
2019,False Negative,5.497596E9,1.0086031496062992E7
2019,Detected,6.70925E8,9295730.964467006
2019,Detected,9.2566E8,9552526.315789474
2019,False Negative,1.3684E7,6938349.206349206
1905,Partially Correct,8.98616E8,5755761.904761905
1905,Incorrect,8.93082E8,4834172.413793104
1905,Detected,7.4558E8,6141921.348314607
1905,Detected,9.41744E8,8743728.813559322
1753,Detected,9.1376E8,6501492.7536231885
1753,Correct,7.11584E8,7123333.333333333
2031,Detected,6.93601E8,7427702.702702703
2323,Detected,6.45921E8,1.0360418032786885E7
2323,Detected,8.74062E8,7969983.050847458
2244,Detected,9.7027E8,7838173.469387755
2244,False Negative,9567000.0,8567263.68159204
1743,False Negative,1.23495E8,5419666.666666667
1743,Correct,1.26519E8,5422117.647058823
1786,False Negative,1.087215E9,7800000.0
1786,Correct,7.32107E8,4172823.529411765
1903,Correct,1.21038E8,5406266.666666667
1903,Correct,1.090091E9,6047857.142857143
2369,Detected,7.36054E8,6550303.9215686275
2065,Detected,7.34015E8,8210345.132743363
2065,Incorrect,7.10434E8,6234538.461538462
2065,Incorrect,9.53771E8,5437724.137931035
2065,Partially Correct,6.81541E8,6017772.7272727275
2065,Correct,9.00251E8,6425862.068965517
2128,Partially Correct,1.034489E9,6418642.857142857
2128,False Negative,5.475076E9,1.1558335697399527E7
2128,Detected,9.0268E8,8739122.270742359
2128,Incorrect,8.78366E8,6383216.216216216
2128,Detected,9.75148E8,9868576.19047619
2128,Detected,9.97651E8,4.365856031128405E7
2128,Detected,8.54853E8,9367747.61904762
2128,Detected,6.69994E8,1.0100104545454545E7
2128,Correct,8.89289E8,5987611.111111111
2023,False Negative,1.097599E9,7380857.142857143
2023,Detected,1.056494E9,7987647.619047619
2210,Incorrect,7.04918E8,6523200.0
2210,Correct,6.89478E8,5899600.0
2210,Detected,1.121935E9,7467440.476190476
2210,Correct,7.01676E8,5856333.333333333
2210,Detected,7.07366E8,9984797.202797202
2210,Detected,8.81556E8,6707927.419354838
2210,Detected,8.54684E8,8398515.625
2552,Detected,8.07184E8,7450083.333333333
2149,Incorrect,9.32416E8,4439666.666666667
2149,Detected,9.70268E8,6394333.333333333
2149,Partially Correct,7.62505E8,4616034.482758621
2149,False Negative,9822000.0,6078738.095238095
2025,Correct,1.092239E9,4990142.857142857
2025,Correct,1.097201E9,6285928.571428572
2025,Detected,7.32014E8,7203166.666666667
2605,Incorrect,1.090432E9,4964333.333333333
2605,Correct,1.16913E8,5431800.0
2605,Partially Correct,1.25733E8,6379294.117647059
2605,Partially Correct,1.31098E8,6067058.823529412
2605,Partially Correct,1.29903E8,5431058.823529412
2572,Incorrect,8.90639E8,6625875.0
2572,Detected,9.9901E8,7416818.181818182
2572,Detected,8.90929E8,8040890.10989011
2572,Detected,7.9204E8,9234248.847926266
2572,Detected,8.89398E8,7902488.888888889
2572,Correct,9.45647E8,6234120.0
2572,Detected,1.016371E9,7122382.352941177
2572,False Negative,6.25933E8,7005500.0
2572,Partially Correct,1.086417E9,7200357.142857143
2572,False Negative,1.097776E9,5341250.0
2572,Correct,8.34361E8,6344173.9130434785
2572,Partially Correct,9.77163E8,6812450.0
2572,Detected,8.54546E8,1.2420273615635179E7
2341,Partially Correct,6.29691E8,4786321.428571428
2341,Detected,1.095466E9,9048912.280701755
2341,False Negative,NaN,7707338.983050847
2341,False Negative,NaN,8127033.898305085
2341,Detected,1.041233E9,7851728.813559322
2341,Detected,1.015452E9,9092814.516129032
2838,Partially Correct,8.76628E8,6852040.0
2838,False Negative,9.73171E8,9313222.222222222
2838,False Negative,6.8322E8,7658166.666666667
2838,Incorrect,1.045343E9,7319644.444444444
2838,False Negative,1.157447E9,7314000.0
2838,Incorrect,2.55098E8,8378345.794392523
2429,Incorrect,9.90959E8,6884724.137931035
2429,Detected,7.12061E8,6840352.2727272725
2429,Detected,8.92707E8,6709178.947368421
2429,Partially Correct,7.71755E8,5377633.333333333
2429,Correct,1.29106E8,6022421.052631579
2429,Detected,1.110114E9,9153163.93442623
2429,Partially Correct,9.93623E8,6254700.0
2429,Correct,1.27333E8,6329657.894736842
2479,Incorrect,9.51476E8,6080400.0
2479,Detected,6.97637E8,8002984.615384615
2560,Detected,9.99591E8,1.1647106796116505E7
2560,Correct,9.98478E8,7085555.555555556
2941,Correct,8.25691E8,6770066.666666667
2941,Detected,6.308E8,7094879.120879121
2941,Correct,1.110552E9,6979960.0
2941,Detected,8.89506E8,1.0094197368421054E7
2941,Incorrect,1.096495E9,6102857.142857143
2941,Detected,8.50176E8,6507899.224806202
2941,Partially Correct,1.099815E9,4811428.571428572
2941,Detected,1.059514E9,7644408.1632653065
2414,Detected,1.006606E9,9678770.186335403
2414,Detected,8.82601E8,8529000.0
2523,Detected,7.87708E8,9478642.105263159
2523,Incorrect,1.004299E9,7078896.551724138
2523,False Negative,9474000.0,1.0145912790697675E7
2523,Incorrect,6.47131E8,7340307.692307692
2523,Partially Correct,7.00295E8,6174047.619047619
2598,Correct,9.39534E8,6450166.666666667
2598,Detected,8.11616E8,9075682.242990654
2641,Detected,1.098069E9,1.426771186440678E7
2641,Partially Correct,9.771E8,6587468.75
2641,Detected,6.94968E8,1.1640649635036496E7
2641,Detected,9.17597E8,1.4661586776859503E7
2641,Incorrect,9.73939E8,7375200.0
2641,Partially Correct,9.02056E8,8823826.086956521
2641,Correct,9.71626E8,8356560.0
2806,Detected,8.94148E8,8838521.00840336
2806,False Negative,9.52161E8,8163888.888888889
2806,False Negative,1.047232E9,7290900.0
2806,False Negative,1.106776E9,7561833.333333333
2806,False Negative,1.079137E9,9190700.0
2806,Partially Correct,1.194293E9,6749770.833333333
2806,False Negative,1.042836E9,9069500.0
2806,False Negative,6.39567E8,6135833.333333333
2806,False Negative,1.058978E9,8812900.0
2806,Partially Correct,1.119842E9,5965454.545454546
2870,Partially Correct,9.98461E8,8391060.606060605
2870,Correct,9.46232E8,5817800.0
2870,Detected,7.65907E8,1.0636971830985915E7
2779,Incorrect,6.31125E8,7742930.23255814
2779,Correct,8.04927E8,7737500.0
2779,Detected,8.97197E8,9085773.333333334
2820,Correct,1.34775E8,4773428.571428572
2820,Correct,1.24994E8,4781000.0
2820,Correct,1.34022E8,5405428.571428572
2820,Detected,8.4759E8,8040800.0
2820,Correct,9.39207E8,5449444.444444444
2530,Incorrect,6.27126E8,6187357.142857143
2530,Incorrect,9.66217E8,7128447.368421053
2530,Detected,1.02148E9,8183528.0
2530,Partially Correct,7.03275E8,6399939.393939394
2530,Correct,1.059744E9,7531956.521739131
3219,Correct,7.07232E8,7334972.222222222
3219,False Negative,1.22369E8,7334000.0
3219,False Negative,9.44075E8,8085937.5
3219,False Negative,7.94069E8,8776076.923076924
3219,Correct,6.57933E8,1.1265977011494253E7
3219,Correct,7.93111E8,9910600.0
3219,Detected,1.124781E9,1.3645753846153846E7
3219,Partially Correct,8.51151E8,9266444.444444444
3219,Partially Correct,9.4326E8,8151391.304347826
3219,Partially Correct,1.105134E9,8683500.0
2416,Partially Correct,7.19203E8,6978896.551724138
2416,Detected,8.40501E8,8945617.647058824
2416,Partially Correct,9.03906E8,5821764.705882353
2416,False Negative,8.85604E8,5350266.666666667
2416,Detected,9.98438E8,9596270.27027027
2416,Partially Correct,8.30669E8,7702000.0
2416,Detected,7.47442E8,7385989.69072165
2416,Detected,8.29229E8,7864628.865979382
2416,Correct,9.87767E8,4890555.555555556
3070,False Negative,8.94884E8,8672111.111111112
3070,Correct,6.88021E8,5314500.0
3061,Incorrect,7.90542E8,6312529.411764706
3061,Correct,1.102741E9,7257571.428571428
3061,Correct,7.64605E8,6734866.666666667
3061,Incorrect,9.5636E8,6589388.888888889
3061,Detected,1.125328E9,1.1964921875E7
3061,Detected,7.57312E8,9605038.461538462
2908,Partially Correct,7.48675E8,5780500.0
2908,Detected,6.44828E8,8527446.601941748
2908,Partially Correct,1.003216E9,6421750.0
2908,Detected,9.74514E8,1.0615366972477064E7
2908,Incorrect,7.81456E8,6441133.333333333
2908,Detected,7.73836E8,8754009.174311927
2908,Detected,9.80156E8,1.125102E7
2908,Incorrect,9.64741E8,5329333.333333333
2898,False Negative,6.053292E9,7589283.950617284
2898,Partially Correct,7.92038E8,7992631.578947368
2898,Partially Correct,9.52611E8,7392294.117647059
2898,Detected,1.070701E9,9847452.05479452
2898,False Negative,9201000.0,1.0545755656108597E7
2898,Correct,1.112635E9,6321571.428571428
2898,Detected,6.49043E8,9662370.860927152
2898,Detected,8.44121E8,7741446.428571428
3787,Correct,8.28648E8,6421357.142857143
3787,Correct,1.067121E9,7312571.428571428
3787,Correct,1.017346E9,6462125.0
3787,Detected,9.7162E8,1.0616341085271318E7
3787,Correct,6.93368E8,6916400.0
3386,Partially Correct,6.42082E8,7699545.454545454
3386,Partially Correct,1.043738E9,6711318.181818182
3386,Detected,7.10988E8,1.2411827751196172E7
3386,Detected,8.87168E8,1.1801420494699646E7
3386,Detected,7.37765E8,1.1994976744186046E7
3386,Detected,8.68618E8,1.1606485815602837E7
3386,Detected,1.088122E9,1.1664953488372093E7
3386,Detected,8.30278E8,1.0804722972972972E7
3386,Correct,6.8251E8,6848880.0
3386,Partially Correct,9.10546E8,6171320.0
3302,Partially Correct,9.98343E8,5831032.258064516
3302,False Negative,6.87296E8,5028666.666666667
3302,False Negative,6693000.0,6790864.583333333
3302,Correct,7.32311E8,7070066.666666667
3302,Correct,8.38922E8,4736529.411764706
3302,False Negative,1.1008E7,8733626.1682243
3241,Detected,7.58164E8,8508506.756756756
3241,Detected,9.61264E8,6538937.5
3241,Detected,9.46901E8,7543151.162790698
3241,Correct,1.22613E8,5903000.0
3241,Detected,8.2469E8,7471222.222222222
3693,Detected,1.046413E9,9127607.692307692
3693,Detected,9.06123E8,9660978.260869564
3693,Detected,3.03931E9,1.0235514018691588E7
3693,Correct,8.2405E8,8307100.0
3881,Detected,1.056636E9,9745526.717557251
3881,Detected,7.03611E8,1.032763358778626E7
3881,Correct,7.85286E8,6232600.0
3881,False Negative,8.45772E8,6733666.666666667
3881,Detected,8.11092E8,1.2404175675675675E7
3603,Partially Correct,8.8925E8,7144694.444444444
3603,Partially Correct,1.013303E9,7736960.0
3603,Detected,6.81118E8,1.0802773279352227E7
3603,Partially Correct,1.012916E9,8044640.0
3603,Detected,1.035163E9,1.0276046391752576E7
3603,Correct,1.100806E9,6195857.142857143
3214,Partially Correct,1.115648E9,6849450.0
3214,Detected,8.85316E8,8870435.185185185
3214,Detected,6.46202E8,9874935.714285715
3214,Incorrect,8.69132E8,8301434.782608695
3214,Partially Correct,8.13877E8,6871066.666666667
3214,Detected,9.24786E8,1.1818288888888888E7
3214,Detected,7.95219E8,1.1046492063492063E7
3214,Correct,1.25547E8,6568710.52631579
3214,Correct,1.30048E8,7202631.578947368
3124,Correct,1.03109E9,7634041.666666667
3124,Correct,8.91547E8,7918772.7272727275
3124,Detected,7.32782E8,8030456.140350877
3124,Detected,3.057402E9,1.208417105263158E7
3124,Incorrect,8.75536E8,6694904.761904762
3124,Detected,7.14994E8,1.2681451247165533E7
3124,Detected,6.93557E8,1.3436084905660378E7
3124,Detected,1.061765E9,1.2580954648526076E7
3124,Correct,1.030044E9,6844437.5
3124,Detected,8.61524E8,1.1118141463414634E7
3124,Correct,1.001529E9,6193187.5
2881,Correct,6.92959E8,6143733.333333333
2881,Partially Correct,1.44607E8,5762315.7894736845
3756,False Negative,6.90286E8,8073500.0
3756,Correct,9.43586E8,7324166.666666667
3470,Correct,1.099095E9,5875071.428571428
3470,Correct,1.10136E9,6869214.285714285
3470,Detected,6.51389E8,7614464.788732395
4204,False Negative,6.35373E8,6492916.666666667
4204,False Negative,8.95339E8,7743769.230769231
4204,Correct,7.48187E8,8115366.666666667
4204,Detected,1.029053E9,1.2686067484662578E7
3663,Partially Correct,9.0681E8,7560888.888888889
3663,Detected,1.017312E9,1.0673644628099173E7
3663,Detected,1.05545E9,1.3063442528735632E7
3663,Detected,7.20983E8,1.0696611111111112E7
3663,Partially Correct,7.40129E8,7860000.0
3663,Detected,6.57693E8,1.0702327137546469E7
3663,Partially Correct,7.4695E8,9657500.0
3414,Partially Correct,7.98445E8,7971363.636363637
3414,Partially Correct,7.0654E8,1.00744E7
3414,Partially Correct,9.65469E8,8864923.076923076
3414,False Negative,NaN,1.324260460251046E7
3414,Partially Correct,9.57811E8,7381782.608695652
3414,Detected,1.10095E9,9215616.07142857
3414,Detected,7.59135E8,8731589.743589744
3414,Detected,8.47816E8,8986312.5
3414,Correct,1.109241E9,8077785.714285715
3414,Detected,7.45852E8,9841552.38095238
3414,Detected,9.60002E8,8830459.45945946
3606,Detected,7.16598E8,9803467.741935484
3606,Incorrect,9.84413E8,8350166.666666667
3606,Detected,8.98786E8,7613402.439024391
3606,Correct,7.88407E8,7225578.947368421
3606,Detected,8.34686E8,8837714.285714285
3606,Correct,8.9676E8,7740370.37037037
3606,Detected,6.30626E8,8993072.847682118
3606,Correct,8.13467E8,8941583.333333334
3606,Detected,6.65523E8,1.0127467213114753E7
3606,Correct,9.71482E8,6649346.153846154
3606,Detected,6.9831E8,1.0821030303030303E7
3545,Partially Correct,1.130642E9,5953515.151515151
3545,Detected,8.62335E8,1.0226044642857144E7
3545,Detected,7.28351E8,9823116.07142857
3545,Detected,8.3379E8,9439919.642857144
3545,Detected,7.2556E8,1.015517857142857E7
3545,Incorrect,7.99654E8,8403933.333333334
3545,Partially Correct,9.28397E8,6141500.0
3545,Detected,9.0318E8,1.0028348214285715E7
3545,Detected,6.77145E8,9650821.42857143
3545,Detected,8.19556E8,9533089.285714285
3545,Detected,7.36036E8,9489464.285714285
3545,Incorrect,7.49348E8,6590133.333333333
3545,Correct,9.44512E8,7816966.666666667
3723,False Negative,NaN,1.3998207100591715E7
3723,Incorrect,9.98049E8,7164264.705882353
3723,Correct,1.038729E9,5584842.105263158
3723,Incorrect,6.77656E8,6712157.894736842
3723,Correct,7.36082E8,8042043.478260869
3079,Detected,8.87264E8,9765304.054054054
3079,Detected,9.59286E8,1.1831399014778325E7
3079,Correct,7.81192E8,5687000.0
3521,Detected,6.66582E8,9363197.530864198
3521,Incorrect,9.89791E8,7329086.956521739
3521,Detected,6.66179E8,9672216.216216216
3521,Incorrect,7.95455E8,6733648.6486486485
3521,Detected,9.42557E8,9281942.307692308
3521,Detected,8.50453E8,7691131.578947368
3521,Detected,1.067856E9,9969762.5
3521,Detected,8.84351E8,7600316.326530612
3521,Partially Correct,9.94902E8,8606708.333333334
3521,Correct,1.164354E9,7454785.714285715
3521,Detected,1.098229E9,8317463.768115942
3631,Partially Correct,9.70498E8,7643285.714285715
3631,False Negative,NaN,1.277969827586207E7
3631,Detected,8.81164E8,9491080.701754386
3631,False Negative,NaN,1.3553155172413792E7
3631,False Negative,NaN,1.6913936507936507E7
3631,False Negative,NaN,1.2763181034482758E7
3631,Detected,7.75219E8,1.139217543859649E7
3631,False Negative,NaN,1.2618525862068966E7
3631,Partially Correct,1.057729E9,7150333.333333333
3631,Detected,9.55245E8,1.3433625E7
3631,Partially Correct,9.96215E8,7286066.666666667
3631,Detected,6.8163E8,8585042.735042736
3631,Detected,1.08247E9,1.1519117647058824E7
3869,Correct,8.19291E8,8239227.2727272725
3869,Detected,8.23054E8,1.271947767857143E7
3869,Detected,6.75345E8,1.1580661764705881E7
3869,Partially Correct,6.67873E8,8628739.130434783
3869,Correct,6.86474E8,9076480.0
3869,Detected,7.87336E8,1.1856942652329748E7
3869,Partially Correct,8.79705E8,8320727.2727272725
3869,Correct,9.4371E8,1.1930136363636363E7
3869,Detected,1.038449E9,9834900.0
3772,False Negative,1.6084E7,1.0619667567567568E7
3772,Partially Correct,1.121655E9,7416285.714285715
3772,Detected,6.48286E8,8651397.590361446
3772,Detected,1.082825E9,8530924.242424242
3772,Detected,1.031839E9,9258906.474820144
3772,Detected,1.122401E9,8350835.820895523
3772,Detected,7.94717E8,1.3052568441064639E7
3772,Detected,1.075414E9,1.1175139784946237E7
3772,Detected,6.40957E8,9785274.809160305
3772,Detected,8.57773E8,1.1034975609756097E7
3772,Partially Correct,9.73253E8,6965055.555555556
3456,Partially Correct,8.8823E8,6535782.608695652
3456,Incorrect,6.43459E8,6736666.666666667
3456,Detected,7.11637E8,9217812.5
3456,Detected,8.32467E8,1.4500238372093024E7
3456,Detected,8.10879E8,8354647.887323944
3374,Partially Correct,7.01454E8,8506342.857142856
3374,Detected,8.49785E8,1.0293670807453416E7
3374,Correct,1.073686E9,8178473.684210527
3374,Partially Correct,9.07983E8,8390037.037037037
3374,Partially Correct,7.42877E8,8636700.0
3374,Partially Correct,1.108308E9,9021444.444444444
3374,Detected,1.027025E9,1.0331732307692308E7
3374,Partially Correct,1.102031E9,8774217.391304348
3617,Correct,8.79826E8,7359117.647058823
3617,Partially Correct,1.120807E9,8058633.333333333
3617,Detected,8.91201E8,9507113.475177305
3617,Correct,9.16586E8,6964880.952380952
3617,Detected,1.050182E9,1.0597378151260504E7
3617,Detected,8.87142E8,9874070.754716981
3617,Correct,1.120611E9,7392782.608695652
3617,Detected,1.084098E9,9284664.0
3617,Detected,1.05714E9,9439576.0
3617,Partially Correct,7.18151E8,7866000.0
3617,Partially Correct,1.011086E9,8472166.666666666
3617,Detected,1.118243E9,1.0861724358974358E7
4228,Partially Correct,1.162005E9,7644571.428571428
4228,Correct,9.39957E8,7367312.5
4228,Detected,8.23916E8,8517264.705882354
4228,Correct,8.01685E8,6223764.705882353
4228,Partially Correct,8.18671E8,8557947.368421054
4228,Incorrect,9.26227E8,7642000.0
4228,Correct,1.057239E9,7613242.424242424
3682,Detected,1.116217E9,1.18057E7
3682,Detected,7.33146E8,1.0209225E7
3682,Detected,9.66356E8,8955226.277372263
3682,Incorrect,1.095615E9,7650230.769230769
3682,Detected,9.93891E8,1.0257802816901408E7
3682,Detected,1.062838E9,9533563.38028169
3682,Detected,7.74964E8,8171943.661971831
3682,Detected,8.73329E8,7945377.358490566
3682,Correct,7.09165E8,8542000.0
3682,Correct,1.018176E9,7115961.538461538
3682,Detected,8.4712E8,1.0585927083333334E7
3439,Detected,9.55703E8,1.0234488372093024E7
3439,False Negative,1.5731E7,1.538050114416476E7
3439,Detected,1.074988E9,1.0163565384615384E7
3439,Detected,9.7587E8,1.1051581395348838E7
3439,Detected,6.70075E8,9991326.923076924
3439,Correct,7.56962E8,7930066.666666667
3439,Correct,7.46517E8,6705066.666666667
4187,Detected,1.069946E9,1.0335677725118482E7
4187,Detected,8.42339E8,9549500.0
4187,Detected,7.14447E8,9301759.25925926
4187,Detected,1.134536E9,8359000.0
4187,Detected,7.84504E8,1.0663889502762431E7
4187,Detected,1.064065E9,1.0350735849056603E7
4187,False Negative,NaN,1.1754906914893618E7
4187,Correct,1.001569E9,7421000.0
4187,Detected,9.54184E8,9663530.0
4187,False Negative,1.1624E7,9498489.583333334
4187,Correct,6.89923E8,8062142.857142857
4187,Partially Correct,9.24988E8,7079500.0
4187,Detected,9.10241E8,8382625.0
4245,Correct,1.087903E9,8281714.285714285
4245,Correct,9.51175E8,6145277.777777778
4245,False Negative,1.184E7,1.1412558685446009E7
4245,Correct,7.89566E8,8907176.470588235
4245,Detected,7.26959E8,1.4684545E7
4245,Detected,6.44359E8,8268736.111111111
4245,Correct,7.26517E8,7985866.666666667
4245,Detected,6.4588E8,8532444.444444444
4245,Detected,7.23747E8,8932375.0
4245,Detected,9.12414E8,1.2547294979079498E7
4245,Detected,7.27605E8,9042083.333333334
4245,Correct,7.10958E8,6932866.666666667
4245,Detected,7.87954E8,8782944.444444444
4245,Detected,1.079113E9,8647902.777777778
4245,Partially Correct,9.19329E8,8488277.777777778
4245,Detected,6.54E8,1.0798764705882354E7
4245,Partially Correct,7.46432E8,8452850.0
4245,Detected,7.54847E8,1.3523589743589744E7
4245,Correct,7.8947E8,8043117.647058823
4965,Correct,1.48993E8,8041500.0
4965,Correct,8.17364E8,9609818.181818182
4965,Correct,1.24676E8,7408166.666666667
4965,Detected,1.116349E9,1.2389837037037037E7
4965,Detected,1.10832E9,1.1167541984732825E7
4965,Detected,6.8001E8,1.028303597122302E7
4965,Correct,1.29212E8,7613235.294117647
4965,Incorrect,1.058573E9,8168020.833333333
4965,Detected,9.48263E8,1.1973798611111112E7
4965,Detected,9.43404E8,1.1925826388888888E7
4084,Detected,9.31987E8,9562639.09774436
4084,Detected,7.18593E8,1.0598502183406113E7
4084,Detected,1.112529E9,8210985.915492957
4084,Detected,1.128062E9,8972410.52631579
4084,Partially Correct,8.95447E8,6171750.0
4084,Detected,1.067198E9,6849866.666666667
4732,Incorrect,9.90131E8,1.0391722222222222E7
4732,Correct,9.58127E8,8107441.860465116
4732,False Negative,NaN,1.4145197712418301E7
4732,Partially Correct,9.45252E8,9882714.285714285
4732,Detected,1.014723E9,1.2656162162162162E7
4732,False Negative,1.7428E7,1.3840737762237763E7
4732,Detected,8.4225E8,1.2924524752475247E7
4732,Partially Correct,1.072394E9,1.0066566666666666E7
4732,Detected,8.28742E8,1.6109765765765766E7
4732,Detected,9.72665E8,1.1692174603174603E7
4696,Partially Correct,9.9581E8,7963719.298245614
4696,Detected,6.25671E8,1.284423076923077E7
4696,Correct,8.9795E8,8233388.888888889
4696,Correct,9.35651E8,9483388.888888888
4696,Detected,9.45099E8,1.001274647887324E7
4660,Detected,1.110056E9,1.0408813725490196E7
4660,Detected,6.4389E8,8267899.159663865
4660,Correct,8.86009E8,1.0850444444444444E7
4660,Detected,8.38766E8,9268785.185185185
4660,Detected,6.59565E8,1.1798407407407407E7
4660,Detected,9.28609E8,1.1158218181818182E7
4660,Detected,7.1227E8,9999911.290322581
4660,Partially Correct,1.127662E9,9092500.0
4660,Detected,7.1536E8,1.0530676923076924E7
4660,Detected,7.74671E8,1.1083611570247933E7
4660,Detected,9.20453E8,1.1238303030303031E7
4660,Partially Correct,8.54858E8,7682541.666666667
4660,Partially Correct,1.026279E9,7586478.260869565
4660,Partially Correct,1.123365E9,7331642.857142857
4660,Partially Correct,1.060044E9,8354142.857142857
4660,Detected,1.007902E9,1.1646009090909092E7
4818,False Negative,2.3863E7,1.4957193452380951E7
4818,Detected,2.9453E9,1.6520681632653061E7
4818,Incorrect,3.1449355E9,1.4636980972515857E7
4818,False Negative,5.192004E9,1.4092727272727273E7
4818,False Negative,5.189098E9,1.3309117021276595E7
4818,False Negative,5.198504E9,1.4671222222222222E7
4818,False Negative,5.183878E9,1.4066553191489361E7
4818,Correct,1.38877E8,8496133.333333334
4818,Partially Correct,1.000756E9,9121937.5
4818,Detected,2.994578E9,1.6424958579881657E7
4818,Detected,3.174586E9,1.4452846808510639E7
4818,Partially Correct,8.95823E8,1.0628611111111112E7
4818,Partially Correct,1.104242E9,7919071.428571428
4818,Partially Correct,9.99216E8,8324809.523809524
4818,Detected,6.99543E8,1.2427521739130436E7
5545,Partially Correct,1.017613E9,1.1567577464788733E7
5545,False Negative,6.81828E8,9246071.42857143
5545,Correct,1.189482E9,1.4816677083333334E7
5545,Correct,6.47416E8,1.197422857142857E7
5545,Partially Correct,1.107652E9,1.5191275862068966E7
5545,Detected,7.08634E8,1.1857686567164179E7
5545,Detected,1.049625E9,1.295429761904762E7
5545,Incorrect,1.008715E9,9455800.0
5545,Detected,1.000378E9,1.2514295774647888E7
5545,Detected,1.103969E9,1.074980790960452E7
5545,Detected,7.31403E8,1.4280404958677687E7
5545,Detected,8.19138E8,1.4706559322033899E7
5545,Detected,7.83772E8,1.1485062146892656E7
5545,Detected,7.51014E8,1.5224735537190083E7
5582,False Negative,6.56914E8,1.0962E7
5582,False Negative,7.90932E8,8287733.333333333
5582,Partially Correct,9.57587E8,9424830.188679244
5582,Correct,7.35208E8,1.212235294117647E7
5582,Detected,1.063443E9,1.1523151515151516E7
5582,Detected,1.027344E9,1.3957931297709923E7
5582,Detected,7.39536E8,1.9800731707317073E7
5582,Incorrect,8.36453E8,1.0177620689655172E7
5582,Detected,7.45356E8,1.192579411764706E7
5582,Correct,7.70861E8,9595875.0
5582,Detected,1.091315E9,1.1848685950413223E7
5582,Detected,1.045524E9,1.2757983870967742E7
5582,Correct,6.85281E8,9375125.0
5582,Detected,7.4679E8,1.1976421487603305E7
5175,Detected,9.20566E8,2.1668635273972604E7
5175,Correct,9.37007E8,1.0242357142857144E7
5175,Correct,9.88829E8,1.088821052631579E7
5175,Detected,9.7106E8,1.8738733681462143E7
5175,Correct,8.5095E8,9967333.333333334
5175,Detected,6.73212E8,1.096254752851711E7
5175,Correct,8.94478E8,1.017852380952381E7
4914,Correct,1.05378E9,7344066.666666667
4914,Detected,7.28513E8,1.0750775E7
4914,Detected,6.48112E8,1.4594818181818182E7
4914,Detected,7.72593E8,9783677.41935484
4914,Partially Correct,1.025327E9,8761500.0
4914,Detected,7.85835E8,1.0416226495726496E7
4914,Partially Correct,1.077788E9,8978500.0
4914,Detected,8.73694E8,1.0657780487804879E7
4914,Detected,1.012341E9,1.2371397727272727E7
4977,Detected,7.82605E8,1.365925E7
4977,Incorrect,7.89198E8,9469950.0
4977,Partially Correct,7.02682E8,9150300.0
4977,Incorrect,8.89967E8,7918250.0
4977,Detected,6.70727E8,1.0770569620253164E7
4977,Detected,6.6854E8,9631911.111111112
4977,Partially Correct,9.99678E8,8536428.57142857
4977,Detected,9.46583E8,1.1151492537313433E7
4977,Detected,9.2657E8,1.181934328358209E7
4977,Detected,1.064976E9,1.1331863636363637E7
4977,Partially Correct,1.152222E9,1.0819E7
4977,Detected,9.26742E8,9708011.904761905
4977,Detected,1.001933E9,1.05153515625E7
5199,Partially Correct,8.36466E8,9330088.235294119
5199,Partially Correct,1.112314E9,9018928.57142857
5199,Partially Correct,1.053646E9,8116954.545454546
5199,Detected,1.007563E9,1.3394975E7
5199,Correct,1.117858E9,8767000.0
5199,False Negative,1.0915E7,1.100016393442623E7
5199,False Negative,7014000.0,1.1571924778761063E7
5199,False Negative,1.1878E7,1.1523344262295082E7
5199,Detected,1.098513E9,9712921.875
5199,Detected,7.49264E8,1.4274095588235294E7
5199,Correct,1.115683E9,7749571.428571428
5199,Detected,1.037607E9,1.2156365145228216E7
5199,Detected,9.60619E8,1.2016169884169884E7
5199,Detected,8.33591E8,1.1098815384615384E7
4635,Incorrect,7.7466E8,1.0361458333333334E7
4635,Incorrect,8.55599E8,9129133.333333334
4635,Incorrect,1.004079E9,8982977.272727273
4635,Partially Correct,7.361E8,7960117.647058823
4635,Incorrect,9.33249E8,9967187.5
4635,Incorrect,8.29932E8,9386631.578947369
4635,Detected,8.43048E8,9690649.006622517
4635,Incorrect,9.90315E8,7359277.777777778
4635,Correct,7.89412E8,9221400.0
4635,Partially Correct,6.72203E8,1.1655652173913043E7
4635,Correct,7.8182E8,8409066.666666666
4635,Detected,6.67422E8,1.4203783783783784E7
4635,Partially Correct,1.000061E9,9046428.57142857
4635,Detected,1.052284E9,1.1464616113744076E7
4635,Detected,1.126907E9,1.5266702702702703E7
4635,Partially Correct,1.045032E9,9554000.0
4635,False Negative,1.7714E7,1.1358482954545455E7
4635,Detected,9.21077E8,1.0883695652173912E7
4635,Detected,8.61306E8,9696035.294117646
4635,Detected,3.149446E9,1.3037811764705881E7
4635,Partially Correct,6.59723E8,9631121.212121213
4635,Partially Correct,7.90142E8,1.0019411764705881E7
4635,Partially Correct,6.42449E8,9395533.333333334
4567,Correct,1.030408E9,8921000.0
4567,Correct,1.043558E9,7066166.666666667
4567,Detected,1.09735E9,1.2492024193548387E7
4567,Detected,8.15287E8,1.1526344444444444E7
4567,Incorrect,6.39072E8,8424428.57142857
4567,False Negative,8.43495E8,6746200.0
4567,Correct,6.97052E8,8149666.666666667
4567,Partially Correct,8.88488E8,7276833.333333333
4567,Detected,9.53644E8,1.3911442953020135E7
4567,Detected,9.596E8,1.0950838709677419E7
5540,Correct,1.109433E9,1.0147285714285715E7
5540,Correct,8.71263E8,9880222.222222222
5540,Detected,9.03235E8,1.2221975609756097E7
5540,Detected,6.54038E8,1.3199888888888888E7
5540,Detected,8.05153E8,1.1863135802469136E7
5540,Detected,8.00858E8,1.0907088235294119E7
5540,Detected,7.70739E8,1.5121255014326647E7
5540,Partially Correct,7.93229E8,9063705.88235294
5540,Correct,1.29009E8,8052000.0
5540,Detected,7.77183E8,1.0027894736842105E7
5540,Partially Correct,1.102256E9,8712523.80952381
4544,Incorrect,6.70255E8,7604500.0
4544,Correct,7.71166E8,9016533.333333334
4544,Correct,7.9193E8,7889533.333333333
4544,False Negative,6.111713E9,1.5177832394366197E7
4544,Detected,6.65342E8,1.0670699421965318E7
4544,Detected,1.044031E9,1.0816780346820809E7
4544,Incorrect,7.30529E8,7925000.0
4544,Incorrect,7.71701E8,8755270.833333334
4544,Detected,1.093237E9,1.3173888111888113E7
4587,Detected,7.49497E8,1.012017105263158E7
4587,False Negative,6.113377E9,1.4538864628820961E7
4587,Detected,2.9660425E9,1.2235573529411765E7
4587,Partially Correct,9.82009E8,1.0368111111111112E7
4587,Correct,6.61718E8,1.1751470588235294E7
4587,Detected,1.09141E9,1.0904266666666666E7
4587,Detected,6.95706E8,1.3013811023622047E7
4587,Detected,1.096485E9,1.0925306666666666E7
4587,Detected,1.029979E9,1.095928125E7
4587,Detected,7.69863E8,1.2122861842105264E7
4587,Detected,9.49535E8,1.1381808411214953E7
4587,Detected,6.5311E8,1.1202552083333334E7
4587,Detected,8.48895E8,1.1879736842105264E7
4587,Detected,1.08524E9,1.6590165094339622E7
4587,Correct,6.58924E8,8974058.823529411
4587,Detected,7.57724E8,1.061652E7
4587,Detected,7.67891E8,1.2666377952755906E7
4587,Detected,6.68618E8,1.0378906666666666E7
4587,Detected,1.055533E9,1.11168125E7
4587,Detected,7.51997E8,1.1662407894736841E7
4587,Detected,8.19667E8,1.1683976635514019E7
4587,Detected,1.02757E9,1.1953364583333334E7
4587,Detected,8.49766E8,1.1585427631578946E7
4587,Detected,1.052735E9,1.3462508771929825E7
4587,Incorrect,8.40912E8,8686827.586206896
4587,Correct,7.28083E8,8582000.0
4587,Correct,8.79419E8,9408000.0
4587,False Negative,6446000.0,1.3285691489361702E7
4587,Detected,3.0561975E9,1.6267837837837838E7
4587,Incorrect,8.96176E8,1.1124666666666666E7
4587,Detected,2.989792E9,1.6780075829383887E7
4587,Incorrect,9.09138E8,7577555.555555556
4587,Correct,6.37789E8,8824850.0
4587,False Negative,2.0605E7,3.200530154639175E7
4587,Correct,1.014333E9,9850807.692307692
5355,Correct,1.079609E9,1.0494083333333334E7
5355,Detected,2.9066215E9,1.4616445945945946E7
5355,Partially Correct,9.73676E8,8973222.222222222
5355,Incorrect,1.054523E9,1.0496653846153846E7
5355,Detected,8.90789E8,1.423008962264151E7
5355,Detected,7.74652E8,9563135.922330096
5355,Detected,8.58534E8,1.3442102564102564E7
5355,Detected,1.204793E9,2.6987169230769232E7
5355,Detected,8.60481E8,1.6149305555555556E7
5355,Detected,8.38248E8,1.637056923076923E7
5355,False Negative,5.798422E9,1.5820044198895028E7
5355,Correct,6.72197E8,9544000.0
5355,Partially Correct,6.97816E8,1.590595238095238E7
5355,Correct,9.74158E8,1.4429833333333334E7
5355,False Negative,8.01428E8,1.3597111111111112E7
5355,False Negative,9.39891E8,1.1300888888888888E7
5355,Detected,9.15579E8,1.4893365145228216E7
4936,Partially Correct,1.072999E9,8693857.142857144
4936,Detected,1.117959E9,1.8106035820895523E7
4936,False Negative,1.018081E9,1.1478583333333334E7
4936,Partially Correct,1.07861E9,8627500.0
4936,Correct,7.48251E8,7710000.0
4936,Incorrect,8.43271E8,8538000.0
4936,Correct,1.058474E9,8879571.42857143
4936,Detected,8.16045E8,1.6094953846153846E7
4936,Partially Correct,9.80392E8,9390071.42857143
4936,Partially Correct,8.02771E8,1.0307526315789474E7
4936,Correct,7.43396E8,7754157.894736842
4936,Correct,1.01147E9,8342625.0
4936,Correct,9.9503E8,1.0491375E7
5844,Partially Correct,8.33766E8,9396666.666666666
5844,Detected,9.50033E8,1.295083076923077E7
5844,Partially Correct,7.34678E8,1.129396551724138E7
5844,Detected,3.632877E9,1.7481537313432835E7
5844,Partially Correct,8.91235E8,9672220.338983051
5844,Detected,3.340635E9,1.8309455223880596E7
5844,Detected,1.006291E9,1.8628368146214098E7
5844,Detected,1.081684E9,1.6332657258064516E7
5844,Detected,1.087649E9,1.796152688172043E7
5844,Detected,9.57156E8,1.5995028225806452E7
5844,Detected,9.6828E8,1.4323552083333334E7
5844,Detected,1.11804E9,1.5601798387096774E7
5844,Detected,8.37002E8,2.0992736559139784E7
5844,Detected,8.57029E8,1.697422983870968E7
5844,Partially Correct,1.101374E9,1.108972972972973E7
4722,Correct,9.17215E8,9495954.545454545
4722,Detected,1.006425E9,1.7339278125E7
4722,Detected,8.77533E8,1.4150785714285715E7
4722,Detected,9.78901E8,1.6440423529411765E7
4722,False Negative,7.2057E8,8453153.846153846
4722,Partially Correct,9.40964E8,1.339425E7
4722,False Negative,1.071673E9,6801000.0
4722,Incorrect,9.3256E8,1.1977615384615384E7
4722,Detected,7.27237E8,1.1652460869565217E7
4722,Partially Correct,1.151382E9,9800227.272727273
6088,Detected,8.81501E8,1.825846470588235E7
6088,Detected,1.065034E9,1.4598006802721089E7
6088,Detected,1.126128E9,1.5518318181818182E7
6088,Detected,9.31001E8,2.6523591016548462E7
6088,False Negative,1.5453E7,2.0460166666666668E7
6088,Partially Correct,1.15493E9,1.27341E7
6088,False Negative,1.082E7,1.5286166666666666E7
6088,Detected,1.062811E9,2.338629E7
6088,Correct,9.60633E8,1.12015E7
6088,Partially Correct,9.50756E8,1.2343875E7
6088,Detected,7.23556E8,1.1239373134328358E7
6088,Detected,8.36494E8,1.4425988826815642E7
6088,Partially Correct,9.11372E8,1.0306111111111112E7
6088,Partially Correct,7.98795E8,1.0422214285714285E7
6088,Detected,8.94343E8,1.1785388888888888E7
4631,Correct,1.023514E9,7229052.631578947
4631,Partially Correct,8.63085E8,1.2835785714285715E7
4631,Detected,6.56944E8,8537424.0
4631,Detected,1.037562E9,1.043731E7
4631,Detected,9.44781E8,1.2227029411764706E7
4631,Correct,9.81984E8,8797851.851851853
4631,Detected,7.4511E8,1.2854686567164179E7
4631,Detected,1.001955E9,1.0030957264957264E7
4631,Correct,7.31317E8,7193933.333333333
4631,Correct,1.044889E9,7575857.142857143
4631,Detected,8.9135E8,8401919.540229885
4631,Correct,1.064509E9,7121000.0
4631,Detected,9.40099E8,8895632.183908045
4631,Correct,7.46144E8,8536266.666666666
4631,Detected,1.033414E9,1.0206136363636363E7
4631,Correct,7.71284E8,7763000.0
4631,Detected,6.66684E8,1.1346224489795918E7
4631,Detected,8.53363E8,9215698.630136987
4631,Partially Correct,9.75983E8,8963687.5
4631,Detected,7.93619E8,1.145376119402985E7
4631,Detected,1.072502E9,1.1522299145299146E7
7222,False Negative,9.9496E7,1.5177030303030303E7
7222,Correct,7.39081E8,1.04642E7
7222,False Negative,1.73374E8,1.0504833333333334E7
7222,False Negative,8.94617E8,8559846.153846154
7222,False Negative,2.4825E7,1.217284328358209E7
7222,Correct,9.88819E8,7655666.666666667
7222,Incorrect,1.33959E8,1.3601607142857144E7
7222,False Negative,1.68566E8,1.1813916666666666E7
7222,False Negative,2.5033E7,2.0826123456790123E7
7222,Correct,7.84771E8,9438133.333333334
7222,Detected,5.937615E9,1.911808154506438E7
7222,False Negative,1.1014E7,1.5778393333333334E7
5220,Detected,8.13241E8,1.7053674911660776E7
5220,Incorrect,1.067722E9,1.0753692307692308E7
5220,False Negative,NaN,1.2119833992094861E7
5220,Incorrect,1.116666E9,9581437.5
5220,Detected,1.123281E9,1.0250382352941176E7
5220,Incorrect,1.050871E9,1.03705E7
5220,Detected,1.118832E9,2.416342955801105E7
5220,Detected,8.24484E8,1.306896052631579E7
5220,Correct,1.016373E9,9173294.11764706
5220,Detected,4.39239E8,1.376310447761194E7
5220,Correct,6.51432E8,9264588.235294119
5220,Incorrect,8.00377E8,8853800.0
5220,Correct,6.50522E8,8927323.529411765
5220,Detected,5.407835E8,1.7943009950248756E7
5220,Correct,6.72684E8,1.0908735294117646E7
5220,Correct,1.061007E9,8985470.588235294
5220,Detected,9.67355E8,1.3090034653465347E7
5220,Correct,6.78114E8,9346823.529411765
5220,Detected,9.9212E8,1.2121498181818182E7
5220,Correct,6.4924E8,1.0374911764705881E7
5220,Detected,1.001534E9,1.3552074257425742E7
5220,Correct,1.006938E9,1.1582264705882354E7
5175,Detected,9.6476E8,1.6500905660377359E7
5175,False Negative,2.9049225E9,1.3249402555910543E7
5175,Partially Correct,7.84872E8,1.034878125E7
5175,Incorrect,7.58822E8,8748800.0
5175,Detected,1.069954E9,1.0718066666666666E7
5175,Incorrect,1.011577E9,1.0048833333333334E7
5175,Detected,1.063659E9,1.0698116666666666E7
5175,Detected,9.80493E8,1.754982876712329E7
5175,Detected,9.58569E8,1.0962658823529411E7
5175,Detected,1.01496E9,1.684775278810409E7
5175,Detected,1.124072E9,1.4438713930348258E7
5175,Detected,8.65778E8,1.32152E7
5175,Detected,8.44322E8,1.2729237288135594E7
5175,Detected,1.098437E9,1.4172892655367231E7
5521,Detected,6.60011E8,1.9270897003745317E7
5521,Correct,7.79475E8,7728333.333333333
5521,Correct,1.079629E9,8418193.548387097
5521,Detected,9.05762E8,1.5106150090415914E7
5521,Correct,8.33763E8,8622866.666666666
5521,Detected,1.143964E9,1.6240068085106382E7
5521,Correct,7.69153E8,9062333.333333334
5521,Incorrect,6.42559E8,9317777.777777778
5521,Detected,7.57149E8,9655238.636363637
5521,Detected,3.042169E9,1.420255223880597E7
5521,False Negative,8.50512E8,9987266.666666666
5521,Partially Correct,9.12239E8,9238333.333333334
5521,Partially Correct,7.00789E8,1.0526466666666666E7
5521,False Negative,1.166439E9,1.0345166666666666E7
5521,Correct,7.80437E8,1.347872E7
5521,Correct,9.63895E8,1.2352555555555556E7
6622,Detected,7.47244E8,1.865285483870968E7
6622,Detected,7.61743E8,1.5548885714285715E7
6622,False Negative,1.3177E7,1.4713604562737642E7
6622,Detected,7.48234E8,1.3941458333333334E7
6622,False Negative,1.3432E7,1.4913472972972972E7
6622,Incorrect,9.75281E8,1.3358913043478262E7
6622,Detected,8.3661E8,1.4151938461538462E7
6622,Partially Correct,7.92852E8,1.0567E7
6622,Correct,6.90688E8,1.0573365853658536E7
6622,Detected,7.31461E8,1.5068820809248555E7
6622,Detected,1.003519E9,1.831740632054176E7
6622,Partially Correct,7.43062E8,9538729.72972973
6622,Correct,6.46366E8,1.0201463414634146E7
6622,Detected,1.082896E9,1.4723416184971098E7
6622,Partially Correct,7.96147E8,1.032354054054054E7
6622,Partially Correct,7.91067E8,1.0256567567567568E7
6622,Partially Correct,9.63942E8,1.048115E7
6622,Detected,1.126751E9,1.1757329545454545E7
6622,Partially Correct,7.91181E8,9875081.081081081
6622,Partially Correct,7.01176E8,9143459.45945946
6622,Partially Correct,7.92207E8,1.1707325E7
6622,Partially Correct,1.055391E9,1.0489837837837838E7
6622,Partially Correct,7.40747E8,1.0370054054054054E7
6622,Correct,6.41597E8,9982292.68292683
6622,Detected,7.16067E8,1.347946551724138E7
6622,Detected,8.51273E8,1.729976301615799E7
6622,Partially Correct,7.96057E8,1.034081081081081E7
6622,Partially Correct,7.89124E8,9907675.675675675
6622,Correct,6.47227E8,1.0236414634146342E7
6622,Detected,1.000777E9,1.3899775862068966E7
6329,Detected,8.86805E8,1.268607619047619E7
6329,Detected,8.47349E8,1.0687594594594594E7
6329,Correct,6.85222E8,1.0476066666666666E7
6329,Detected,2.9191095E9,1.2016444444444444E7
6329,False Negative,2.657157E9,1.8119855407047387E7
6329,Correct,1.113947E9,9442086.956521738
6329,False Negative,1.2697E7,1.3361711111111112E7
6329,False Negative,6975000.0,1.4046622222222222E7
6329,Detected,7.15663E8,1.2920636363636363E7
6329,Detected,9.98726E8,1.3623014285714285E7
6963,Partially Correct,9.38799E8,1.14174E7
6963,Incorrect,9.61458E8,1.095925641025641E7
6963,Incorrect,8.95845E8,1.1133074074074075E7
6963,Detected,7.08167E8,1.5326107954545455E7
6963,False Negative,5.675312E9,2.257544747081712E7
6963,Detected,8.51087E8,1.69489375E7
6963,Detected,6.80116E8,2.376730651340996E7
6963,Detected,7.35007E8,1.255425352112676E7
6963,Partially Correct,1.061324E9,1.2838357142857144E7
6963,Correct,9.61681E8,1.1102217391304348E7
6963,Detected,7.29664E8,1.3077360544217687E7
6963,Correct,9.94043E8,1.1289913043478262E7
6963,Detected,1.015115E9,2.8004709543568466E7
6963,Partially Correct,8.62217E8,1.234328E7
6963,Partially Correct,1.071355E9,1.1430714285714285E7
6963,Partially Correct,8.67675E8,1.0667E7
6963,Partially Correct,8.41423E8,1.0726941176470589E7
6963,Detected,1.069214E9,1.1905747126436781E7
6963,Detected,9.75702E8,1.5637122807017544E7
6963,Correct,7.09863E8,1.0591733333333334E7
7260,Correct,1.37903E8,1.13506E7
7260,Partially Correct,1.46904E8,1.0997291666666666E7
7260,Detected,6.44141E8,1.260942857142857E7
7260,Detected,6.44389E8,1.5680582608695652E7
7260,Detected,6.65496E8,3.0492765939597316E7
7260,Correct,1.48143E8,9308857.142857144
7260,Detected,7.01972E8,2.1746796296296295E7
7260,Correct,1.4097E8,1.143557142857143E7
7260,Detected,7.21652E8,2.3297503649635036E7
7260,Partially Correct,1.92672E8,9900705.88235294
7260,Detected,7.77232E8,1.4594246794871794E7
7260,Detected,7.75511E8,1.5043503649635037E7
7260,Partially Correct,1.78543E8,1.0835117647058824E7
7260,Detected,6.6859E8,1.1848045045045044E7
7260,Detected,1.087705E9,1.2084747747747747E7
7260,Correct,6.90659E8,8385777.777777778
7260,Detected,1.116723E9,1.3587663551401868E7
7260,Partially Correct,1.96704E8,1.3487341463414634E7
7260,Detected,1.181123E9,2.1817828282828283E7
7260,Correct,7.56199E8,1.29712E7
7260,Correct,7.57982E8,1.41206E7
6595,False Negative,2.932E7,1.834128128342246E7
6595,Correct,8.99865E8,9926857.142857144
6595,Partially Correct,1.015307E9,1.1106541666666666E7
6595,Partially Correct,8.07791E8,1.113618918918919E7
6595,Partially Correct,1.067577E9,9006071.42857143
6595,Partially Correct,7.46072E8,9425976.19047619
6595,Partially Correct,1.056506E9,1.420235294117647E7
6595,False Negative,1.3264E8,1.0895461538461538E7
6595,False Negative,1.64966E8,1.144875E7
6595,Incorrect,1.14959E9,9829071.42857143
6595,Partially Correct,8.00786E8,8760647.05882353
6595,Detected,1.096195E9,1.125465625E7
6336,Incorrect,6.32502E8,9514692.307692308
6336,Detected,9.51227E8,2.6687666666666668E7
6336,False Negative,1.1732E7,3.0457154362416107E7
6336,Incorrect,8.62992E8,8963120.0
6336,False Negative,1.1969E7,4.598940939597315E7
6336,Incorrect,7.46997E8,1.463135135135135E7
6336,False Negative,1.029E7,1.0089588709677419E7
6336,False Negative,7740000.0,1.1255701587301588E7
6336,Correct,7.08549E8,9246333.333333334
6336,Correct,9.51411E8,8696166.666666666
6336,Detected,7.8955E8,1.08299875E7
6336,Partially Correct,9.81524E8,1.02544375E7
6336,Correct,7.17366E8,8716533.333333334
6336,Detected,8.70893E8,1.0700505050505051E7
6336,Correct,7.18068E8,7977133.333333333
6336,Correct,1.053543E9,1.1555833333333334E7
6336,Detected,9.15652E8,1.4954217391304348E7
6336,False Negative,1.2335E7,2.436027906976744E7
6048,Partially Correct,9.48639E8,2.5498363636363637E7
6048,Partially Correct,8.24143E8,2.106538095238095E7
6048,Correct,7.89771E8,1.2087E7
6048,False Negative,8.21109E8,1.3048391304347826E7
6048,False Negative,9.38861E8,1.6106333333333334E7
6048,False Negative,1.093994E9,1.24055E7
6048,Correct,9.10437E8,1.17015625E7
6048,False Negative,1.010154E9,1.4952818181818182E7
6048,False Negative,1.047775E9,1.15289E7
6048,False Negative,6.81771E8,1.13984E7
6048,False Negative,1.023718E9,1.44387E7
6048,Correct,8.49873E8,1.2379439024390243E7
6048,Correct,1.097215E9,1.178157142857143E7
6048,Correct,6.99165E8,1.11462E7
6048,Detected,1.017263E9,1.7840364583333332E7
6048,Correct,7.34549E8,1.1247E7
6048,Detected,8.62235E8,1.6000946902654868E7
6048,False Negative,3.7253E7,1.7142305970149253E7
6779,Partially Correct,2.55472E8,1.201286301369863E7
6779,Partially Correct,1.053284E9,1.4421785714285715E7
6779,Detected,1.101233E9,2.0658680555555556E7
6779,Correct,7.59105E8,8428600.0
6779,False Negative,1.093649E9,1.3885142857142856E7
6779,Partially Correct,9.51449E8,1.3558611111111112E7
6779,Partially Correct,1.211918E9,1.2843714285714285E7
6779,Incorrect,3.8870293333333335E9,1.535923076923077E7
6779,Incorrect,1.113079E9,1.23962E7
6779,Incorrect,3.9862353333333335E9,1.464626923076923E7
6779,Detected,1.132024E9,1.6876306569343064E7
6779,Incorrect,1.08982E9,1.2097227272727273E7
6779,Detected,1.004462E9,3.294802189781022E7
6779,Incorrect,4.030575E9,1.7524769230769232E7
6779,Detected,1.029196E9,1.662455E7
6779,Detected,9.72085E8,2.2902547445255473E7
6779,Incorrect,1.103116E9,1.3078772727272727E7
6779,Detected,8.61502E8,1.9231467153284673E7
6779,Incorrect,4.1830946666666665E9,1.423376923076923E7
6779,Partially Correct,1.058356E9,1.19048E7
6779,Detected,1.010025E9,1.4949505617977528E7
6779,Correct,1.102053E9,9207166.666666666
6779,Partially Correct,1.141126E9,1.098429411764706E7
6779,Partially Correct,6.64275E8,1.161892105263158E7
6779,Correct,7.83958E8,1.663047619047619E7
6779,Detected,6.98808E8,1.5892991150442477E7
6779,Detected,6.83476E8,1.5465358695652174E7
6779,Detected,9.18899E8,1.4169190476190476E7
6779,Detected,1.046152E9,1.3511345679012345E7
6297,Detected,8.12406E8,1.2878449367088608E7
6297,Incorrect,7.27551E8,1.3171722222222222E7
6297,False Negative,3.1754E7,1.4464623655913979E7
6297,Detected,1.08042E9,1.4170676470588235E7
6297,Detected,9.75226E8,1.748610049019608E7
6297,Detected,1.035454E9,1.352689705882353E7
6297,Detected,1.049584E9,1.7518491596638657E7
6297,Detected,8.32393E8,2.905192700729927E7
6297,Detected,6.67564E8,2.969192528735632E7
6297,Detected,8.73508E8,3.2932948905109487E7
6297,Detected,7.41632E8,1.4466414634146342E7
6297,Partially Correct,8.27394E8,1.1993863636363637E7
6297,Detected,6.51548E8,2.0222679487179488E7
6297,Correct,6.58526E8,1.4721739130434783E7
6297,Detected,6.44984E8,1.4828166666666666E7
6297,False Negative,1.6483E7,1.5713110091743119E7
6446,Partially Correct,1.15E9,1.1619666666666666E7
6446,Detected,8.24508E8,1.416180829015544E7
6446,Correct,1.036221E9,1.2557947368421054E7
6446,Correct,7.83264E8,1.2187791666666666E7
6446,Partially Correct,7.27914E8,1.3568645161290323E7
6446,Correct,7.08227E8,1.2364458333333334E7
6446,Detected,8.63439E8,1.360379831932773E7
6446,Partially Correct,6.60334E8,1.139358E7
6446,Detected,8.88672E8,1.7075880829015546E7
6446,Correct,1.106027E9,1.171842105263158E7
6446,Correct,7.08013E8,1.2352583333333334E7
6446,Partially Correct,7.65197E8,1.301641935483871E7
6446,Correct,7.78168E8,1.1710875E7
6446,Detected,8.794E8,1.627957142857143E7
6446,Incorrect,9.1265E8,1.759905E7
6446,Detected,1.0117E9,5.690794206896552E7
6446,Correct,8.27558E8,1.1197466666666666E7
6446,Correct,7.69043E8,1.3505866666666666E7
6446,Correct,8.08509E8,1.4685866666666666E7
6446,Correct,7.80106E8,1.0767533333333334E7
6446,Detected,1.046418E9,1.6466161764705881E7
6446,Detected,7.58489E8,2.359468005738881E7
6446,Correct,8.08498E8,1.024142857142857E7
6446,Correct,8.25936E8,1.174207142857143E7
6591,Correct,9.72967E8,1.131947619047619E7
6591,Correct,7.90416E8,1.0665066666666666E7
6591,Incorrect,8.83167E8,1.3018806451612903E7
6591,Partially Correct,3.148868E9,1.659018018018018E7
6591,Correct,1.023484E9,1.3454407407407407E7
6591,Partially Correct,8.13382E8,1.2584153846153846E7
6591,Detected,4.412135E8,1.6329955223880596E7
6591,Detected,5.382075E8,2.254450746268657E7
6591,Detected,4.627815E8,2.61345223880597E7
6591,Partially Correct,1.123803E9,1.667297142857143E7
6591,Partially Correct,7.38453E8,1.3529666666666666E7
6591,False Negative,7.06667E8,1.7735E7
6591,False Negative,8.28249E8,1.6459923076923076E7
6591,Partially Correct,1.093113E9,1.282153448275862E7
6591,False Negative,8.9399E8,1.579707142857143E7
6591,False Negative,9.85692E8,1.2151E7
6591,Partially Correct,1.086931E9,1.3381608695652174E7
6591,Detected,7.48399E8,1.53244375E7
6597,Correct,7.56299E8,1.163395652173913E7
6597,Detected,1.029615E9,1.4261686440677967E7
6597,Detected,2.933403E9,1.898211650485437E7
6597,Correct,7.10595E8,1.4143166666666666E7
6597,Detected,9.93023E8,2.0234440298507463E7
6597,Detected,9.73992E8,1.86859477124183E7
7843,Partially Correct,9.63823E8,1.01796E7
7843,Incorrect,7.44944E8,1.4246848484848484E7
7843,Incorrect,1.032598E9,1.2883923076923076E7
7843,Detected,1.160663E9,2.701695041322314E7
7843,False Negative,NaN,2.1335226315789472E7
7843,Detected,1.006402E9,3.6976468727005154E7
7843,Partially Correct,1.627E8,1.492964705882353E7
7843,False Negative,8435000.0,1.7783945054945055E7
7843,Detected,1.027844E9,2.2072452459016394E7
7843,False Negative,8446000.0,1.734904945054945E7
7843,Partially Correct,1.35908E8,1.157642857142857E7
7843,Partially Correct,1.33174E8,1.1710823529411765E7
7843,False Negative,2.5259E7,1.658178021978022E7
7843,Detected,8.99407E8,2.2500216393442623E7
7843,False Negative,8619000.0,1.6909296703296702E7
7843,Partially Correct,1.36703E8,1.2857809523809524E7
7843,Detected,1.092721E9,2.9049703703703705E7
7843,False Negative,8515000.0,1.665051098901099E7
7843,Detected,8.66534E8,2.4584403278688524E7
7843,False Negative,8415000.0,1.7674527472527474E7
7843,Partially Correct,1.39697E8,1.2353785714285715E7
7843,Partially Correct,1.44337E8,1.1325470588235294E7
7843,False Negative,1.5174E7,1.744503846153846E7
7843,Detected,9.36207E8,2.36678131147541E7
7843,False Negative,1.4067E7,1.6564461538461538E7
7843,Partially Correct,1.60187E8,1.1477142857142856E7
7843,Partially Correct,1.57925E8,1.3730631578947369E7
7843,Detected,9.46858E8,2.0898899613899615E7
7843,Partially Correct,1.42413E8,1.1544684210526315E7
7843,Partially Correct,1.71188E8,1.1585176470588235E7
5585,Detected,7.14446E8,1.6303201096892139E7
5585,Incorrect,1.006543E9,1.066625E7
5585,Correct,7.71693E8,1.2028068965517242E7
5585,Detected,1.014022E9,1.4840518072289156E7
5585,Correct,1.016969E9,1.0694944444444444E7
5585,Correct,1.66682E8,9818880.0
5585,Correct,6.86504E8,1.191824E7
5585,Detected,8.09387E8,1.8468048192771085E7
5585,Correct,9.80074E8,9422888.888888888
5585,Incorrect,6.6638E8,1.311223076923077E7
5585,Incorrect,1.034047E9,1.24105E7
5585,Correct,9.73839E8,1.0441722222222222E7
5585,Partially Correct,9.67998E8,1.133E7
5585,Detected,9.92047E8,1.7909606557377048E7
5585,Detected,7.5876E8,1.972815702479339E7
5585,False Negative,9236000.0,2.7205903553299494E7
5585,Detected,6.96185E8,1.7496803278688524E7
5585,Detected,8.21217E8,1.9439396694214877E7
5585,Partially Correct,8.82827E8,1.094367857142857E7
5585,Correct,1.126334E9,1.1368548387096774E7
5585,Incorrect,9.91752E8,1.301556E7
5585,Detected,7.41087E8,1.674098347107438E7
5585,Detected,9.75199E8,1.4878944881889764E7
5585,Partially Correct,1.00058E9,1.1194375E7
5585,Partially Correct,9.47323E8,1.2062708333333334E7
5585,Detected,6.71246E8,1.5779355371900827E7
6510,Partially Correct,1.142698E9,2.7019737588652484E7
6510,False Negative,6.07458E9,2.420434519572954E7
6510,Detected,2.9510505E9,2.06655223880597E7
6510,Detected,2.942181E9,2.131071641791045E7
6510,Incorrect,1.088959E9,1.2494222222222222E7
6510,Correct,1.01055E9,1.2131354838709677E7
6510,False Negative,8.20843E8,1.4378E7
6510,Correct,1.012855E9,1.2430870967741935E7
6510,False Negative,7.60152E8,1.2969538461538462E7
6510,Partially Correct,7.2815E8,1.2462066666666666E7
6510,False Negative,8.08095E8,1.422223076923077E7
6510,Detected,7.63822E8,1.6248263265306123E7
6510,Detected,1.005775E9,1.809393023255814E7
6510,Detected,8.30732E8,1.64295E7
6510,Detected,6.56713E8,1.730466929133858E7
6510,Incorrect,1.074111E9,1.6247923076923076E7
6510,Partially Correct,1.041699E9,1.3239142857142856E7
6510,Detected,7.78546E8,1.830422033898305E7
6510,Detected,9.51986E8,3.008518865030675E7
6510,Detected,7.52104E8,2.086631868131868E7
6510,Detected,8.33928E8,2.1295729166666668E7
6510,Detected,9.784E8,1.785856043956044E7
6510,Detected,9.93149E8,2.498671851851852E7
6510,Correct,1.052829E9,1.3766478260869564E7
6510,Detected,1.162845E9,2.179339493670886E7
6510,Partially Correct,6.93514E8,1.3001333333333334E7
6510,Detected,7.43874E8,1.8275045801526718E7
6510,Detected,8.08357E8,1.5227983240223464E7
6369,Correct,9.99572E8,1.192157894736842E7
6369,Detected,6.87939E8,1.4816672131147541E7
6369,Correct,9.36902E8,9058111.111111112
6369,Detected,8.03475E8,1.2703845070422536E7
6369,Correct,1.052276E9,9589285.714285715
6369,Correct,7.61333E8,1.2811733333333334E7
6369,Correct,6.67773E8,1.2714066666666666E7
6369,Correct,8.40633E8,8811600.0
6369,Detected,9.68698E8,1.082628947368421E7
6369,Detected,7.19813E8,1.3398326086956521E7
6369,False Negative,9293000.0,1.0699557692307692E7
6369,Correct,6.88463E8,1.027885E7
6369,Detected,1.082436E9,1.2098794871794872E7
6582,Correct,1.133341E9,1.0978708333333334E7
6582,Partially Correct,1.090057E9,1.056242857142857E7
6582,Detected,1.04415E9,3.287623415492958E7
6582,Detected,6.85948E8,1.2678307692307692E7
6582,Partially Correct,1.047041E9,1.2664652173913043E7
6582,Partially Correct,1.087746E9,1.222186956521739E7
6582,Detected,7.5094E8,1.3444776223776223E7
6582,Correct,9.63409E8,1.19809E7
6582,Detected,7.15422E8,1.4331281690140845E7
6582,Detected,8.79172E8,1.6168533333333334E7
6582,Detected,9.88621E8,1.4430486486486487E7
6582,Incorrect,7.42171E8,1.1960272727272727E7
6582,Partially Correct,8.90142E8,1.1920625E7
6582,Partially Correct,8.43508E8,1.4129222222222222E7
6582,Detected,8.87273E8,1.1863061728395062E7
5927,Detected,7.01856E8,1.630297142857143E7
5927,Incorrect,9.07593E8,1.33556875E7
5927,Correct,1.42415E8,1.0370733333333334E7
5927,Correct,7.39913E8,1.1773266666666666E7
5927,Correct,8.449E8,1.12748E7
5927,Detected,8.82248E8,2.0053778325123154E7
5927,Detected,7.74305E8,1.1766985401459854E7
5927,Incorrect,7.59797E8,1.1343233333333334E7
5927,Incorrect,6.45986E8,1.5720631578947369E7
5927,Incorrect,7.31547E8,1.2938033333333334E7
5927,Detected,8.06774E8,1.5588059405940594E7
5927,Incorrect,8.96796E8,1.9904E7
5927,Detected,6.62413E8,2.856578217821782E7
5927,Incorrect,7.33286E8,1.0885833333333334E7
5927,Detected,6.61217E8,1.1967992700729927E7
5927,Incorrect,6.58867E8,1.2329833333333334E7
5927,Incorrect,8.60695E8,1.2053947368421054E7
5927,Incorrect,8.42628E8,1.1633833333333334E7
5927,Detected,6.93737E8,1.89619900990099E7
5927,Incorrect,6.65173E8,9676117.647058824
5927,Detected,7.15557E8,1.3523316831683168E7
5927,Detected,1.021382E9,1.4205148351648351E7
5927,Detected,7.46532E8,1.2546130081300814E7
5927,Partially Correct,9.87535E8,1.35355E7
5927,Incorrect,1.053127E9,1.242040625E7
5927,Incorrect,6.57275E8,1.14039375E7
5927,Detected,1.000815E9,1.2097096774193548E7
5927,Incorrect,1.141941E9,1.0720939393939395E7
5927,Correct,1.015434E9,9399611.111111112
5927,False Negative,6.105998E9,2.2547448979591835E7
5927,Detected,6.34237E8,1.9833017391304348E7
5927,Partially Correct,6.6656E8,1.4027854166666666E7
5927,Detected,1.119112E9,1.3524907692307692E7
5927,Detected,1.12974E9,2.3405505330490407E7
5927,Detected,8.26497E8,1.4744375E7
5927,Incorrect,1.022513E9,1.0976307692307692E7
5927,Detected,8.5502E8,1.5195E7
5927,Partially Correct,7.07928E8,1.1163777777777778E7
7096,Incorrect,6.62465E8,1.169232258064516E7
7096,Detected,7.68982E8,2.2266457342657343E7
7096,False Negative,5.825544E9,1.852423529411765E7
7096,Detected,1.15786E9,1.744766393442623E7
7096,False Negative,5.808338E9,1.746863529411765E7
7096,Incorrect,6.93116E8,1.356860606060606E7
7096,Detected,1.071449E9,1.3922503448275862E7
7096,Incorrect,7.47702E8,1.3249058823529411E7
7096,Detected,6.64418E8,1.2967779310344828E7
7096,Detected,9.48641E8,1.7554542222222224E7
7096,Detected,8.57749E8,1.351712857142857E7
7096,Detected,9.09331E8,1.5822625E7
7096,Detected,1.061908E9,1.2595255474452555E7
7096,Detected,9.31583E8,2.164670707070707E7
7096,Detected,8.11858E8,1.3213482352941176E7
7096,Incorrect,9.46686E8,1.498545945945946E7
7096,Detected,9.7338E8,2.4277298780487806E7
7096,Correct,1.03114E9,9949687.5
7793,False Negative,5.143639E9,6.225143897524467E7
7793,Detected,3.1006455E9,2.513831016042781E7
7793,Partially Correct,8.88132E8,1.3744901639344262E7
7793,Detected,3.077108E9,2.4640529411764707E7
7793,Incorrect,6.80923E8,1.2157560975609757E7
7793,Incorrect,6.79775E8,1.4620441860465117E7
7793,Detected,3.1275315E9,2.43130320855615E7
7793,Partially Correct,7.60176E8,1.3024213114754098E7
7793,Detected,2.9039055E9,2.4941422459893048E7
7793,Incorrect,7.65231E8,1.2023658536585366E7
7793,Incorrect,1.025105E9,1.1697694444444444E7
7793,Correct,1.038897E9,1.2842277777777778E7
7793,Correct,9.20212E8,1.461257142857143E7
7793,Incorrect,7.23064E8,1.3609794871794872E7
7793,Detected,3.0298425E9,2.5611064171122994E7
7793,Partially Correct,7.49775E8,1.3761131147540983E7
7793,Detected,2.906753E9,3.0166085561497327E7
7793,Incorrect,7.22398E8,1.2301439024390243E7
7793,Incorrect,1.104757E9,1.4379674418604651E7
7793,Detected,2.9117975E9,2.342168983957219E7
7793,Partially Correct,7.21462E8,1.4613409836065574E7
7793,Detected,3.0351935E9,2.4583652406417113E7
7793,Incorrect,8.21321E8,1.173231707317073E7
7793,Incorrect,1.041444E9,1.1612666666666666E7
7793,Correct,1.073686E9,1.2829555555555556E7
7793,Correct,9.96656E8,1.2532214285714285E7
7793,Incorrect,6.93652E8,1.6415961538461538E7
7793,False Negative,1.1384E7,1.910207042253521E7
7793,Partially Correct,1.150537E9,1.4701681818181818E7
7793,Incorrect,6.9482E8,1.5389586206896551E7
7793,Partially Correct,1.11886E9,1.7070318181818184E7
7793,Incorrect,7.76591E8,1.5557620689655172E7
7793,Partially Correct,1.048566E9,1.5594681818181818E7
7793,Incorrect,1.021917E9,1.6145733333333334E7
7793,Partially Correct,1.143563E9,1.7401045454545453E7
7793,False Negative,1.1833E7,1.9077314285714287E7
7793,Detected,9.66908E8,2.0747943396226414E7
7793,Correct,6.92462E8,1.2440041666666666E7
7509,False Negative,9.56544E8,1.1948E7
7509,Detected,1.064305E9,2.0185366666666668E7
7509,Detected,8.70291E8,2.151418E7
7509,Detected,8.25133E8,1.6535642857142856E7
7509,False Negative,8.63715E8,1.7735E7
7509,Partially Correct,9.41159E8,1.9221681818181816E7
7509,Detected,1.132015E9,1.4323272727272727E7
7509,Partially Correct,1.007687E9,1.2442227272727273E7
7509,Detected,8.61819E8,2.4046028953229398E7
7509,Detected,1.046685E9,1.7447680555555556E7
7509,Partially Correct,7.69156E8,1.4970933333333334E7
7509,Partially Correct,1.061437E9,1.726481081081081E7
7509,Partially Correct,8.37617E8,1.4761450980392156E7
7509,Partially Correct,6.99264E8,1.3850405405405406E7
7509,Detected,1.115321E9,3.390776300578035E7
7509,Partially Correct,8.6398E8,2.0301027027027026E7
7509,Partially Correct,8.75792E8,1.666886274509804E7
7509,Partially Correct,6.9311E8,1.3587324324324325E7
6883,Correct,7.20436E8,1.434925E7
6883,Detected,8.18999E8,2.2372777777777776E7
6883,Detected,6.65028E8,2.5930754098360654E7
6883,Detected,1.013265E9,2.0799177570093457E7
6883,Detected,9.99812E8,1.936588596491228E7
6883,Detected,8.03837E8,2.072095767195767E7
6883,Detected,7.4643E8,1.4311318965517242E7
6883,Correct,9.93046E8,1.5933407407407407E7
6883,Detected,1.049705E9,1.4278232432432432E7
6883,Detected,9.4711E8,1.8062467391304348E7
6883,Detected,9.19787E8,1.5290227722772278E7
6883,Detected,7.96442E8,1.580711038961039E7
6883,Correct,7.33305E8,1.0384235294117646E7
6883,Detected,1.000073E9,1.1995225E7
6883,Incorrect,1.027054E9,1.2568958333333334E7
6883,Detected,1.028442E9,1.695322340425532E7
6883,Detected,6.64054E8,1.4351741935483871E7
6883,Detected,1.044078E9,1.8419140740740743E7
6883,Partially Correct,7.56165E8,1.0587117647058824E7
6883,Detected,9.05324E8,1.351568493150685E7
6883,Incorrect,9.10537E8,1.202545E7
6883,Partially Correct,1.017154E9,1.2627727272727273E7
6883,Detected,9.32802E8,1.3194655172413792E7
6883,Detected,1.103602E9,1.85400234375E7
6883,Detected,1.068686E9,1.2730538461538462E7
6883,Detected,1.046366E9,1.319296875E7
6883,Detected,8.48943E8,1.2199326732673267E7
6883,Partially Correct,1.12085E9,1.315357142857143E7
6883,Detected,1.104204E9,1.7414766917293232E7
6883,Partially Correct,1.052728E9,1.2139708333333334E7
6883,Incorrect,6.66391E8,1.2005117647058824E7
6883,Partially Correct,9.23161E8,1.2069E7
6883,Correct,1.063499E9,1.4933818181818182E7
6883,Detected,9.10081E8,1.5846820895522388E7
6883,Correct,9.45551E8,1.0975318181818182E7
6883,Detected,7.81897E8,1.3886903553299492E7
6883,Correct,9.48926E8,1.41835625E7
6883,Detected,7.25041E8,1.2508154639175259E7
6408,Detected,9.93238E8,2.2929608899297424E7
6408,Incorrect,6.4981E8,1.5741692307692308E7
6408,Detected,9.34438E8,2.826160909090909E7
6408,Detected,9.43195E8,1.5667057268722467E7
6408,Partially Correct,8.9136E8,1.3766470588235294E7
6408,Incorrect,7.30749E8,1.1176333333333334E7
6408,Partially Correct,8.41102E8,1.499770588235294E7
6408,Detected,6.79166E8,3.0575147016011644E7
6408,Partially Correct,7.33471E8,1.3910368421052631E7
6408,Detected,9.50721E8,1.4573584745762711E7
6408,Correct,1.089216E9,1.2338611111111112E7
6408,Detected,1.031087E9,1.6345864661654135E7
6408,Correct,1.082673E9,1.3425722222222222E7
6408,Detected,9.68334E8,1.7474206611570247E7
6408,Correct,1.063594E9,1.3860722222222222E7
6408,Detected,7.71025E8,1.6072233082706766E7
6408,Correct,9.47459E8,1.0958222222222222E7
6408,Incorrect,7.92976E8,1.569753125E7
6408,False Negative,7.46083E8,1.4151384615384616E7
6408,Correct,1.078734E9,1.1401333333333334E7
6408,False Negative,1.016771E9,1.8776E7
6408,Correct,1.047683E9,1.1388111111111112E7
6408,Detected,9.05001E8,1.323092E7
6408,Detected,4.33753E8,1.5262813953488372E7
6408,Detected,9.65585E8,2.9239538346984364E7
6408,Detected,7.31207E8,1.4635050632911392E7
6408,Detected,7.73011E8,1.458926582278481E7
6408,Detected,1.021978E9,2.3145594470046084E7
6408,Detected,7.45292E8,1.4553131147540983E7
6408,Detected,9.79942E8,1.4731952E7
6408,Detected,1.153689E9,1.9187633027522936E7
6408,Detected,8.88632E8,1.896239705882353E7
6431,Partially Correct,1.034481E9,1.5710545454545455E7
6431,Correct,6.97259E8,1.232272E7
6431,Detected,1.017101E9,1.335829347826087E7
6431,Detected,8.11427E8,1.467981690140845E7
6431,Incorrect,1.069218E9,1.2349884615384616E7
6431,Correct,1.38556E8,1.0308388888888888E7
6431,Incorrect,7.16393E8,1.2722866666666666E7
6431,Correct,8.95205E8,9292055.555555556
6431,Partially Correct,7.3937E8,1.3974809523809524E7
6431,False Negative,1.063697E9,1.2164142857142856E7
6431,Partially Correct,6.60351E8,1.388557894736842E7
6431,Incorrect,3.127042E9,1.4050111111111112E7
6431,Detected,8.112E8,1.7759057627118643E7
6431,Incorrect,9.43354E8,1.2998739130434783E7
6431,Detected,1.01531E9,2.2628779874213837E7
6431,Incorrect,7.70402E8,1.131303125E7
6431,Incorrect,9.02641E8,1.2452695652173912E7
6431,Detected,1.093844E9,2.1973119496855345E7
6431,False Negative,5.970351E9,2.5531615384615384E7
6431,Detected,3.1224515E9,1.9673666666666668E7
6431,Detected,3.07365E9,1.9056434782608695E7
6431,Detected,3.1106895E9,1.963786956521739E7
6431,Detected,3.1190595E9,1.822126086956522E7
6431,False Negative,5.119331E9,2.7029544055944055E7
6431,Correct,3.004839E9,1.9801102564102564E7
6431,Detected,3.077727E9,2.138091304347826E7
6431,Detected,3.157397E9,1.9478333333333332E7
6431,Detected,3.0896055E9,2.1361768115942027E7
6431,Detected,3.037257E9,2.639713661202186E7
6431,False Negative,5.24593E9,2.4468612903225806E7
6431,Incorrect,1.068136E9,1.1761375E7
6431,Detected,6.40312E8,1.6057803030303031E7
6431,Correct,7.0423E8,1.201239024390244E7
7438,Partially Correct,7.82839E8,1.2398166666666666E7
7438,Correct,6.90322E8,1.3784066666666666E7
7438,Correct,9.89508E8,1.233257142857143E7
7438,Partially Correct,1.115939E9,1.2183058823529411E7
7438,Detected,9.7599E8,1.1871790322580645E7
7438,Detected,9.02154E8,1.2816806451612903E7
7438,Detected,9.30039E8,1.2899274193548387E7
7438,Correct,1.86327E8,1.0552666666666666E7
7438,Partially Correct,9.3224E8,1.3316068965517242E7
7438,Detected,1.022863E9,1.5490602409638554E7
7438,Correct,9.94663E8,1.2017142857142856E7
7438,Partially Correct,7.20064E8,1.247095E7
7438,Correct,7.02975E8,1.0861466666666666E7
7438,Partially Correct,7.26577E8,1.2669526315789474E7
7438,Correct,1.091805E9,1.3018944444444444E7
7438,Partially Correct,1.010687E9,1.3143285714285715E7
7438,Partially Correct,1.076128E9,1.2003357142857144E7
7438,Correct,6.53565E8,1.1262666666666666E7
7438,Partially Correct,6.89267E8,1.4622368421052631E7
7438,Detected,1.153849E9,1.8757942367601246E7
7438,Detected,8.65642E8,1.440194262295082E7
7438,Detected,1.03768E9,1.3139813333333334E7
7438,Partially Correct,7.17932E8,1.122176923076923E7
7438,Partially Correct,9.95624E8,1.2311612903225806E7
7438,Partially Correct,8.6472E8,1.3366192307692308E7
7438,Detected,8.50684E8,1.7655055944055945E7
7438,Partially Correct,9.01247E8,1.44626875E7
7438,Partially Correct,8.14432E8,1.30575E7
7438,Partially Correct,9.43961E8,1.1594258064516129E7
7438,Partially Correct,8.07175E8,1.0419E7
7438,Detected,1.037674E9,1.6703811188811189E7
