296,Correct,1.071263E9,4631533.333333333
237,Detected,9.15236E8,5516692.307692308
310,Partially Correct,1.37454E8,4054214.285714286
310,Partially Correct,3.67581E8,4527117.647058823
390,Correct,1.08322E9,6487900.0
343,Detected,6.02544E8,5891240.740740741
536,Partially Correct,6.72972E8,6833277.777777778
517,Partially Correct,9.70306E8,1.0266861111111112E7
517,Detected,7.528E8,1.0674792792792793E7
388,Detected,8.92228E8,8793117.647058824
388,Detected,8.34117E8,9643480.392156864
388,Correct,6.62323E8,6118277.777777778
388,Detected,8.56547E8,8763505.494505495
371,Correct,1.031722E9,4261933.333333333
424,Correct,1.045383E9,6269866.666666667
851,Partially Correct,2.20751E8,5913571.428571428
511,Incorrect,1.013787E9,4696105.263157895
489,Correct,1.030522E9,4600800.0
286,Detected,8.62728E8,7864819.444444444
286,Detected,8.76754E8,8686347.222222222
398,Detected,1.038294E9,6263875.0
398,Detected,6.56398E8,1.5116346534653466E7
398,Detected,7.40143E8,7974828.571428572
398,Detected,6.09742E8,7185230.769230769
780,Detected,9.26199E8,8891045.855379188
317,Partially Correct,2.94155E8,4530000.0
317,Partially Correct,8.90643E8,3890466.6666666665
378,Correct,8.44569E8,5092000.0
378,Detected,9.52587E8,6984416.666666667
676,Correct,7.07194E8,4910347.826086956
676,Correct,9.38393E8,6641958.333333333
676,Correct,1.017866E9,4963648.6486486485
527,Correct,7.03337E8,4832529.411764706
527,Detected,6.75498E8,6068181.818181818
394,Correct,8.42533E8,4938105.263157895
394,Detected,9.30583E8,7130051.282051282
836,Detected,7.1678E8,1.2365101063829787E7
836,Correct,6.8278E8,8977500.0
836,False Negative,NaN,1.5857009174311927E7
836,Detected,1.055751E9,8455608.695652174
836,Detected,6.51489E8,7910046.875
1016,Detected,9.76773E8,5706666.666666667
513,Correct,1.117472E9,4678736.842105263
513,Detected,1.028066E9,8832671.641791046
995,Detected,7.18415E8,5963897.05882353
952,Detected,8.16774E8,1.07761E7
952,Detected,6.55479E8,8915141.025641026
614,Correct,8.34931E8,5236642.857142857
614,Correct,8.59048E8,4939565.217391305
614,Correct,9.44685E8,4100642.8571428573
614,Correct,1.085139E9,5090739.130434782
962,Incorrect,9.32601E8,5684882.352941177
962,Correct,7.63373E8,5732600.0
962,Detected,8.08546E8,8919427.272727273
962,Incorrect,9.44744E8,6977142.857142857
962,Partially Correct,1.079885E9,6514400.0
1078,Detected,1.023716E9,5451196.96969697
1071,Correct,8.88542E8,3328571.4285714286
942,Partially Correct,9.15056E8,4855909.090909091
942,Detected,7.48641E8,9066816.0
1077,Correct,9.88687E8,3083411.7647058824
1082,Correct,1.050569E9,4315333.333333333
1136,Detected,8.34938E8,5749742.5149700595
1138,Correct,1.05031E9,5152933.333333333
1164,Detected,1.086156E9,6147448.275862069
1127,Correct,1.059221E9,4618866.666666667
1326,Detected,6.79278E8,5408557.142857143
346,Detected,6.26051E8,5763605.633802817
346,Correct,9.94489E8,5615045.454545454
346,Detected,7.20611E8,1.4247646153846154E7
346,Correct,9.82356E8,5871318.181818182
872,Correct,1.063174E9,4547000.0
1164,Correct,1.23309E8,4098588.2352941176
1115,Detected,9.70099E8,4942016.129032258
964,False Negative,1.80668E8,4440666.666666667
964,Correct,9.31683E8,4873956.521739131
1139,Correct,6.65702E8,4641214.285714285
1129,Detected,7.08428E8,6326125.0
1095,Correct,6.15754E8,4041428.5714285714
1436,Correct,9.96347E8,6417818.181818182
1064,Detected,1.005606E9,6337868.852459016
1124,Detected,8.65705E8,6129936.507936508
786,False Negative,9.90099E8,4820333.333333333
786,Partially Correct,6.42499E8,4439785.714285715
786,Partially Correct,8.13906E8,4127058.8235294116
786,Correct,1.04016E9,4716625.0
786,Detected,1.001316E9,5357637.79527559
1118,Detected,1.000809E9,6577278.68852459
1175,Detected,8.49815E8,5405089.743589744
1175,Detected,7.90956E8,4960987.179487179
1218,Detected,1.040961E9,8246375.939849624
928,Correct,7.71583E8,5059000.0
1177,Detected,7.23168E8,6511715.68627451
1177,Detected,8.25873E8,6484464.646464647
952,Detected,7.57544E8,6861987.5
952,Correct,9.79418E8,5151285.714285715
952,Detected,9.84219E8,6731200.0
1080,Detected,7.30062E8,4283567.164179104
1183,Detected,6.79178E8,4455974.358974359
1183,Detected,9.26419E8,6834275.0
915,Detected,9.84591E8,9627404.90797546
915,Detected,8.51596E8,7148015.384615385
915,Partially Correct,8.99473E8,5964214.285714285
1271,Correct,6.1027E8,5134800.0
1293,Detected,9.16993E8,8014313.624678663
1224,Correct,1.03719E8,4564588.235294118
1191,Detected,9.82128E8,7504666.666666667
1191,Correct,9.28043E8,4158055.5555555555
1103,Detected,1.12757E9,6649568.181818182
1214,Correct,1.091298E9,4813928.571428572
1254,Detected,1.091534E9,7915913.793103448
1371,Partially Correct,8.6381E8,4860518.518518519
1223,Detected,9.69183E8,7049966.666666667
1202,Correct,9.93516E8,4743357.142857143
1154,Correct,7.6767E8,4260733.333333333
1290,Partially Correct,6.40929E8,4246928.571428572
1163,Correct,1.157463E9,3549785.714285714
1224,Detected,8.16442E8,5033931.506849315
1100,Correct,9.81377E8,5900931.0344827585
1100,Incorrect,7.28738E8,4629142.857142857
1100,Correct,1.035131E9,4847800.0
1219,Correct,1.053116E9,3659142.8571428573
1106,Detected,7.21246E8,6181450.704225352
1314,Detected,9.84962E8,7683437.5
1453,False Negative,1.18798E8,5976142.857142857
1412,Correct,9.2111E8,4707722.222222222
1105,Correct,1.139554E9,5016071.428571428
1063,Partially Correct,1.115684E9,4520214.285714285
1063,Correct,6.50655E8,6071736.842105263
1101,False Negative,NaN,1.0242580736543909E7
1101,Detected,7.28163E8,9404951.72413793
1101,Partially Correct,8.56684E8,5005937.5
1101,Detected,6.48356E8,1.0695006756756756E7
1179,Detected,1.083557E9,9669255.639097745
1179,Correct,7.33831E8,5842388.888888889
1180,Incorrect,1.019172E9,3685800.0
1083,Partially Correct,9.38218E8,3473642.8571428573
1269,Incorrect,7.46463E8,4505034.482758621
1269,Correct,6.48366E8,5022700.0
1210,Correct,1.038146E9,5114933.333333333
1210,Correct,8.99493E8,3711571.4285714286
1255,Correct,1.044771E9,6045913.043478261
1255,Detected,6.84095E8,8617012.82051282
1157,Detected,8.04306E8,5370853.448275862
1157,Detected,7.36502E8,7682851.851851852
804,Detected,6.62652E8,9259846.153846154
804,Correct,9.26372E8,5161571.428571428
804,Incorrect,7.03516E8,4725105.263157895
804,Correct,7.91105E8,5805050.0
804,Detected,9.70395E8,7113259.259259259
1362,Partially Correct,8.60757E8,5014500.0
1099,Correct,9.40605E8,3900928.5714285714
1202,Correct,9.0609E8,4517619.047619048
1020,False Negative,9240000.0,5100623.188405797
1015,Partially Correct,2.24528E8,5990071.428571428
1015,Partially Correct,7.42941E8,6521798.319327731
807,False Negative,7007000.0,6123297.297297297
807,Incorrect,7.62589E8,5960363.636363637
807,Detected,9.73158E8,1.137367901234568E7
807,Detected,1.087965E9,5747740.740740741
1231,Correct,1.07226E9,4067400.0
1231,Correct,9.68997E8,5212333.333333333
1241,Correct,6.49933E8,3541285.714285714
1190,Detected,6.63352E8,7453112.903225807
1190,Detected,8.25792E8,5311951.807228915
1305,Detected,8.73578E8,7138245.454545454
1301,Detected,6.78131E8,5769858.299595142
1301,Correct,1.05024E8,5447647.05882353
1134,Incorrect,8.21396E8,4617470.588235294
1134,Partially Correct,7.91385E8,4000058.8235294116
1134,Detected,8.6075E8,6585882.653061224
1134,Partially Correct,1.102712E9,5092142.857142857
1217,Detected,7.93354E8,8099567.567567567
1217,Correct,8.94107E8,4168777.777777778
1125,Correct,1.085121E9,3678000.0
1125,Correct,7.81758E8,3378625.0
1159,Correct,6.38628E8,5821500.0
1271,False Negative,NaN,6064831.325301205
1271,False Negative,NaN,1.2011265625E7
1271,False Negative,NaN,8995772.151898734
1271,False Negative,NaN,9036406.25
1158,Partially Correct,1.19041E8,5296179.487179487
1267,Detected,7.79811E8,5987308.411214953
1259,Correct,6.96911E8,4721800.0
1233,Correct,7.0432E8,5911066.666666667
1233,Correct,6.7888E8,5426466.666666667
1191,Partially Correct,6.99403E8,3603928.5714285714
912,Detected,7.02459E8,5444078.947368421
912,Correct,8.75145E8,5296411.764705882
1258,Correct,6.30771E8,7664800.0
694,Detected,1.009801E9,8339891.891891892
694,Detected,1.055795E9,8357088.888888889
694,Detected,6.47406E8,7659540.540540541
694,Correct,8.66413E8,6959545.454545454
694,Detected,8.90844E8,7400081.081081081
694,Detected,8.55257E8,8055455.555555556
1347,Detected,6.25421E8,6314365.079365079
1262,Detected,7.05923E8,5738365.714285715
1317,Correct,1.001879E9,6146473.684210527
1317,Detected,9.55986E8,1.1682675572519084E7
1049,Correct,8.19524E8,5258500.0
1049,Correct,8.98443E8,5630777.777777778
1273,Correct,1.055589E9,3616714.285714286
1268,Detected,9.02742E8,6883268.6567164175
1268,Detected,9.5413E8,6326417.910447761
1266,Correct,6.83254E8,5516133.333333333
1883,False Negative,NaN,1.024158958068615E7
1098,Correct,9.03885E8,5233166.666666667
1193,Partially Correct,1.04661E9,4244590.909090909
1193,Detected,8.09001E8,6387451.612903226
1364,Incorrect,9.11782E8,4826823.529411765
1364,Detected,7.11542E8,6318679.775280898
1341,False Negative,NaN,9462138.461538462
1341,False Negative,NaN,6570098.591549296
1341,False Negative,NaN,7995848.484848484
1341,False Negative,NaN,6872204.081632653
1343,Correct,1.47233E8,4634764.705882353
1475,Detected,6.60181E8,5210597.633136095
950,Correct,7.68817E8,4615055.555555556
950,Detected,9.83942E8,6255424.242424242
1311,Detected,6.783E8,5479840.0
730,Detected,1.047278E9,6051206.349206349
730,Detected,9.77447E8,7941800.0
730,Correct,7.84038E8,3894466.6666666665
730,Correct,1.074108E9,5301238.095238095
730,Detected,6.28815E8,7124079.365079365
730,Correct,7.61406E8,6210263.157894737
730,Detected,7.03057E8,7327047.619047619
730,Correct,8.21877E8,5130842.105263158
1087,False Negative,1.01408E9,7099300.0
1087,Partially Correct,8.60372E8,3756588.2352941176
1087,Partially Correct,1.104248E9,5509571.428571428
1087,Detected,8.32576E8,8593578.43137255
1087,Detected,8.79388E8,7264644.859813084
1301,Detected,7.628E8,6184454.545454546
1301,Detected,9.45777E8,6505595.744680851
1145,Correct,7.68663E8,4312588.235294118
1145,Detected,7.2869E8,5353857.142857143
1347,Correct,7.36903E8,4830533.333333333
1231,Correct,1.086707E9,4009285.714285714
1231,Correct,1.089518E9,3925000.0
1355,Detected,8.7895E8,6522985.294117647
1196,Correct,8.246E8,3561266.6666666665
1387,Detected,9.13801E8,8795346.153846154
1357,Detected,9.26656E8,5137936.507936508
1357,Detected,7.09922E8,6559544.303797469
1338,Correct,8.2838E8,4907200.0
1338,Correct,1.09208E8,3964052.6315789474
1019,Correct,9.15447E8,5528350.0
1019,Correct,1.14666E9,5704571.428571428
1175,Detected,8.55425E8,5538528.571428572
1420,Correct,9.98401E8,5416571.428571428
1337,Detected,7.06344E8,6687213.235294118
1337,Detected,8.53656E8,6197782.608695652
1658,Correct,6.94184E8,5285058.823529412
1658,Detected,9.99224E8,7778941.580756013
1420,Detected,6.64701E8,8155204.819277109
1571,False Negative,1.02395E8,4295176.470588235
1588,Detected,7.34111E8,5894373.134328358
1850,Incorrect,1.065302E9,4984142.857142857
1850,False Negative,NaN,6366858.796296297
1387,Detected,6.64773E8,8284079.861111111
1387,Detected,7.33364E8,7660961.538461538
1301,Detected,7.56534E8,7358535.211267605
1301,Partially Correct,7.27456E8,5187500.0
1367,Correct,7.38593E8,5785066.666666667
1367,Detected,9.77594E8,6262101.265822785
1549,Partially Correct,8.26079E8,4808235.294117647
772,Correct,6.13686E8,5672666.666666667
772,Correct,6.68747E8,5148437.5
772,Partially Correct,8.37144E8,6084423.076923077
772,Correct,1.132472E9,5426700.0
772,Partially Correct,7.87583E8,5215269.230769231
772,Detected,8.70685E8,8178020.833333333
1343,Correct,1.084154E9,5060000.0
1343,Correct,1.087675E9,3810571.4285714286
1343,Correct,9.83873E8,4458521.739130435
1359,Correct,9.29068E8,5106388.888888889
1359,Detected,7.37125E8,6644901.639344262
1334,Correct,9.59935E8,4343800.0
1334,Correct,7.86008E8,4282000.0
1477,Detected,6.38484E8,8168348.936170213
1630,False Negative,NaN,1.018771186440678E7
1513,False Negative,1.19989E8,6043071.428571428
1514,Partially Correct,9.66482E8,5232500.0
1514,Correct,1.091546E9,4335000.0
1487,Partially Correct,9.83548E8,4669411.764705882
1361,Detected,1.105761E9,7499452.173913044
1361,Detected,7.24408E8,8321034.782608695
1415,Detected,1.062024E9,4992811.594202898
1415,Detected,7.36307E8,6856025.316455696
1616,False Negative,1.4384E7,8445502.659574468
1376,Detected,7.09617E8,9108405.79710145
1496,Correct,8.06556E8,4934772.7272727275
1261,Correct,7.76581E8,3736823.529411765
1261,Correct,1.75742E8,5208479.452054795
1473,Detected,1.016251E9,6915080.459770115
1084,Partially Correct,6.47813E8,4495833.333333333
1084,Correct,6.21937E8,4444214.285714285
1084,Correct,1.087954E9,4598500.0
1084,Correct,1.143091E9,4075857.1428571427
1382,Detected,9.45818E8,9363776.073619632
1358,Partially Correct,7.93446E8,5791214.285714285
1358,Correct,7.51225E8,4559529.411764706
1518,Correct,1.070027E9,5717300.0
1398,False Negative,NaN,8436708.333333334
1398,False Negative,NaN,7111974.683544304
1398,Correct,8.27477E8,5022533.333333333
1398,Correct,1.092495E9,4752071.428571428
1313,Detected,7.79758E8,5699095.890410959
1313,Correct,7.70579E8,4587560.0
1313,Detected,8.2195E8,5411205.479452055
1313,Detected,8.50228E8,6808672.566371681
1319,Correct,8.28118E8,4730470.588235294
1518,Correct,1.065535E9,5752750.0
1632,Correct,1.075471E9,6969635.294117647
1523,Detected,1.111817E9,9944151.515151516
1515,Detected,7.00573E8,9021856.502242152
1434,Correct,1.03419E9,5004909.090909091
1434,Correct,6.2558E8,5675214.285714285
1338,Detected,6.09758E8,6356105.263157895
1338,Detected,7.8364E8,6555402.597402598
1528,Detected,8.15476E8,7012464.285714285
1528,Detected,6.57023E8,7024120.30075188
1436,Correct,7.81898E8,4645866.666666667
1472,Correct,1.093345E9,4056571.4285714286
1472,Correct,9.31673E8,4857333.333333333
1150,Correct,7.21749E8,6394333.333333333
1150,Detected,9.18334E8,6958753.2467532465
1526,Detected,1.130947E9,8560051.948051948
1456,Detected,6.94546E8,6258000.0
1456,Detected,8.81571E8,5372904.761904762
1477,Detected,1.043001E9,6598031.25
1435,Correct,7.03166E8,4391125.0
1435,Detected,6.48776E8,6067960.52631579
1483,Detected,7.67358E8,5805661.764705882
1483,Detected,8.99158E8,6876224.242424242
1449,Detected,8.66885E8,7837835.820895523
1449,Detected,1.099581E9,7388353.535353536
1471,Detected,7.15942E8,6303808.823529412
1471,Correct,8.30891E8,4472185.185185186
1480,Correct,7.2021E8,5461066.666666667
1492,Correct,1.09135E8,4745133.333333333
1453,Detected,8.50575E8,7652572.327044025
1450,Detected,7.04744E8,7003317.647058823
1428,Correct,9.38474E8,5211111.111111111
1489,Correct,8.7927E8,4390444.444444444
1489,Detected,7.41946E8,5931291.666666667
1486,Detected,6.61284E8,6813138.29787234
1462,Correct,6.23086E8,3865571.4285714286
1462,Correct,1.090293E9,4579142.857142857
1481,Correct,1.448382E9,4842200.0
1465,Detected,1.011383E9,4828191.780821918
1465,Detected,9.34222E8,7659408.536585365
1432,Detected,7.83316E8,4852284.090909091
1486,Detected,6.34196E8,6981202.127659574
1453,Detected,7.74441E8,6372507.462686568
1453,Correct,7.28434E8,4400161.29032258
721,Correct,9.51796E8,5765850.0
721,Correct,9.47431E8,4320772.7272727275
1474,Correct,1.10743E9,3929785.714285714
1438,Detected,9.25355E8,6766385.542168675
1438,Detected,6.99505E8,6630084.337349397
1438,Detected,6.79554E8,6654000.0
1450,Detected,6.71123E8,6952047.05882353
1428,Correct,8.64762E8,4622222.222222222
1448,Detected,9.86271E8,7499345.454545454
1456,Correct,9.55595E8,5529666.666666667
1443,Correct,1.089974E9,4400714.285714285
1443,Detected,7.51717E8,5796775.70093458
1479,Detected,7.82291E8,5261361.70212766
1444,Correct,8.30199E8,4014214.285714286
1471,Detected,6.61824E8,6072205.882352941
1471,Correct,9.35574E8,5556222.222222222
1495,Correct,7.24227E8,5568800.0
1495,Correct,6.25961E8,5170433.333333333
1434,Detected,8.49624E8,6308682.926829268
1452,Correct,1.09312E8,4821066.666666667
1428,Correct,8.35654E8,5242722.222222222
1444,Correct,1.096236E9,3951500.0
1474,Correct,1.036305E9,4556722.222222222
1450,Detected,7.37948E8,6877917.647058823
1422,Detected,8.96094E8,6555223.684210527
1441,Correct,8.78742E8,5154148.148148148
1450,Detected,7.27957E8,6845800.0
1462,Correct,1.089205E9,5253428.571428572
1468,Correct,8.29201E8,4735294.117647059
1428,Correct,8.28814E8,5402444.444444444
1444,Correct,6.24934E8,5292214.285714285
1465,Detected,6.37034E8,5314109.589041096
1465,Detected,6.84994E8,7450018.292682927
1432,Detected,9.70554E8,6262727.2727272725
1449,Detected,7.03261E8,7524552.23880597
1449,Detected,1.099908E9,7433616.161616161
1518,Partially Correct,9.47797E8,5131900.0
1483,Detected,7.72119E8,6130205.882352941
1483,Detected,8.85422E8,6408987.878787879
1449,Detected,8.14465E8,7322298.507462687
1449,Detected,6.34968E8,7182929.292929293
1441,False Negative,NaN,5677144.927536231
1441,False Negative,NaN,8756419.75308642
1441,False Negative,NaN,6267898.550724638
1441,False Negative,NaN,7272168.831168831
1441,Correct,7.85225E8,4963866.666666667
1430,Detected,9.17013E8,7185380.0
1455,Correct,6.39493E8,3880500.0
1455,Correct,8.33585E8,4807000.0
1498,Detected,9.49258E8,5143746.268656717
1498,Detected,8.80682E8,6671022.857142857
1178,False Negative,1.03988E8,4650352.94117647
1178,Detected,9.09708E8,6678054.054054054
1570,Detected,7.61293E8,6600661.469933185
1501,Detected,6.50367E8,7601083.333333333
1501,Detected,1.059163E9,6895187.134502924
1513,False Negative,1.04466E8,4626470.588235294
1513,Correct,9.38216E8,5460481.481481481
1449,Detected,9.96703E8,6301746.268656717
1449,Detected,6.58991E8,7336676.767676768
1483,Detected,7.65741E8,6715078.787878788
1483,Detected,7.27477E8,6314676.470588235
1507,Correct,9.00375E8,4918851.851851852
1507,Correct,6.26962E8,5073071.428571428
1480,Detected,8.18675E8,6401000.0
1480,Detected,9.30872E8,6542814.371257485
1483,Detected,7.76421E8,6547163.636363637
1483,Detected,7.88161E8,6000205.882352941
1465,Detected,6.58014E8,5358136.98630137
1465,Detected,7.21946E8,7507945.12195122
1507,Correct,8.81228E8,4990296.296296297
1507,Correct,1.092286E9,5105000.0
1495,Correct,7.74982E8,4543529.411764706
1495,Correct,9.85139E8,4598600.0
1459,Detected,6.68439E8,6337157.575757576
1459,Detected,1.091034E9,6663285.714285715
1477,Correct,1.142244E9,5179214.285714285
1477,Detected,1.076189E9,6464754.385964912
1459,Detected,8.07733E8,6273666.666666667
1459,Detected,1.045733E9,6432777.777777778
1127,Correct,8.75737E8,5014944.444444444
1127,Correct,7.7576E8,4567000.0
1473,Correct,8.8089E8,5483740.740740741
1473,Detected,6.78364E8,6351045.454545454
1487,Correct,8.31074E8,4553259.259259259
1471,Correct,8.81613E8,4160222.222222222
1471,Detected,7.10993E8,6683602.94117647
1462,Correct,1.089578E9,5139142.857142857
1473,Partially Correct,7.75691E8,5127705.882352941
1534,Correct,1.035842E9,4721964.285714285
1534,Detected,9.11573E8,6397924.050632912
1530,Correct,9.43996E8,5530111.111111111
1548,Correct,1.086886E9,4429928.571428572
1506,Correct,6.23524E8,4338785.714285715
1580,Detected,8.78E8,5237620.689655173
1580,Detected,7.30701E8,7696408.045977011
1401,Correct,9.55327E8,4952666.666666667
1401,Correct,1.11486E8,4307266.666666667
1401,Correct,1.04677E8,3672933.3333333335
1467,Correct,1.090293E9,4900571.428571428
1467,Detected,6.823E8,5510081.632653061
1503,Detected,8.0925E8,5238370.786516854
1506,Correct,1.091706E9,4089357.1428571427
1667,Partially Correct,6.15364E8,5143500.0
1667,Partially Correct,8.3167E8,4642058.823529412
1599,Detected,7.856E8,8488752.161383286
1599,Detected,7.68168E8,9196927.710843373
1735,Partially Correct,1.086028E9,5414214.285714285
1735,Correct,6.90797E8,4647705.882352941
1778,Correct,7.30103E8,4587428.571428572
1335,Correct,8.47629E8,3933466.6666666665
1443,Correct,9.17827E8,5197722.222222222
1443,Correct,7.77424E8,4847400.0
1779,Partially Correct,8.29774E8,3872058.8235294116
1495,Correct,7.19447E8,4805333.333333333
1495,Correct,9.27913E8,4835857.142857143
1495,Correct,7.78051E8,5029117.647058823
1261,Correct,1.08271E9,4183550.0
1261,Detected,1.084754E9,6391396.825396826
1261,Correct,1.037684E9,4506857.142857143
1197,Correct,1.051448E9,5164444.444444444
1197,Correct,6.73696E8,5447714.285714285
1197,Detected,1.075226E9,5803986.301369863
1761,False Negative,1.4552E7,1.0028982869379016E7
1761,Partially Correct,6.85504E8,4187464.285714286
1761,Correct,6.82944E8,4899615.384615385
1557,Correct,1.140772E9,3818071.4285714286
1557,Correct,6.24515E8,4217142.857142857
1759,Detected,6.62706E8,7216251.533742331
1759,Detected,8.91253E8,7044537.414965986
1445,Correct,9.32211E8,4633166.666666667
1500,Correct,1.08728E9,4250766.666666667
1500,Detected,6.49171E8,4810000.0
1511,Detected,8.32565E8,6546394.736842105
1511,Detected,7.07586E8,6459174.4186046515
1555,False Negative,1.00932E8,4002352.9411764704
1531,Correct,7.31742E8,5820933.333333333
1561,Correct,1.141791E9,4534642.857142857
1560,Detected,9.90867E8,5468165.04854369
1536,Correct,1.038758E9,5244642.857142857
1476,False Negative,NaN,5364179.104477612
1476,Detected,7.25289E8,5126791.044776119
1476,Correct,8.27229E8,3599117.6470588236
1587,Correct,1.090816E9,4319071.428571428
1475,Detected,6.48548E8,5433884.2105263155
1475,Detected,8.52839E8,6033116.279069767
1529,Partially Correct,7.37356E8,5759100.0
1529,Correct,7.83612E8,4144647.0588235296
1529,Correct,7.79861E8,5355524.590163934
1529,Correct,8.40116E8,4162529.411764706
1545,Correct,8.30113E8,4703882.352941177
1168,Partially Correct,7.97475E8,4704176.470588235
1491,Detected,6.87332E8,6655950.0
1219,Partially Correct,7.10605E8,4209000.0
1219,Detected,6.59943E8,5702336.633663367
1219,Partially Correct,1.068009E9,5612357.142857143
1219,Partially Correct,1.071332E9,4818142.857142857
1357,False Negative,NaN,7359076.923076923
1357,False Negative,NaN,8424387.096774194
1357,Correct,7.73046E8,4826117.647058823
1357,Correct,7.75818E8,4735235.294117647
1369,Detected,1.064171E9,1.21715E7
1369,Correct,1.16178E8,6660894.736842105
1546,Detected,6.30198E8,7527743.243243244
1493,Correct,6.33214E8,8565066.666666666
1493,Correct,9.13006E8,7073600.0
1493,Detected,7.4918E8,9088923.80952381
1493,Incorrect,8.10948E8,6771379.310344827
1493,Detected,7.42299E8,1.2386950248756219E7
1493,Detected,1.036992E9,6712873.684210527
2135,Partially Correct,9.42025E8,5186000.0
1824,False Negative,1.107929E9,6162285.714285715
1520,Correct,7.82793E8,4831823.529411765
1541,Correct,7.71314E8,4170851.8518518517
1541,Detected,9.24428E8,5588181.818181818
1559,Detected,7.77063E8,7044774.647887324
1559,Correct,1.091291E9,5767466.666666667
1574,Detected,7.11951E8,7213202.898550725
1574,Correct,1.090674E9,5946050.0
1565,Detected,3.120366E9,1.0443457627118643E7
1565,Correct,7.24904E8,4192111.111111111
1515,Correct,8.23178E8,5373000.0
1515,Correct,1.09096E9,4203357.142857143
1515,Detected,8.67401E8,5200820.895522388
1538,Correct,8.31581E8,4707352.94117647
1522,Detected,6.53823E8,5580076.923076923
1522,Detected,7.7976E8,7773638.036809816
1522,Correct,9.76391E8,5864666.666666667
1585,False Negative,NaN,6071250.0
1585,False Negative,NaN,9662010.1010101
1585,Detected,1.101554E9,5828637.68115942
1585,Detected,9.95417E8,8187752.577319588
1487,False Negative,NaN,9967701.2987013
1487,False Negative,NaN,7402323.529411765
1487,False Negative,NaN,9019584.415584415
1487,False Negative,NaN,7213607.843137255
1487,Detected,1.065008E9,8077592.920353983
1682,Detected,1.088061E9,1.1859146907216495E7
1682,Detected,7.7713E8,7734054.054054054
1682,Detected,8.81984E8,8065478.873239436
1651,Partially Correct,1.130905E9,5521950.0
1651,Detected,7.58205E8,6317828.947368421
1651,Detected,6.82561E8,6348039.47368421
1691,Partially Correct,7.68696E8,6336760.0
1691,Correct,1.083332E9,5869142.857142857
1691,Correct,8.30291E8,6328933.333333333
1312,Detected,6.64397E8,1.0454550632911392E7
1312,Detected,8.86318E8,7470926.470588235
1312,Correct,1.098045E9,5935642.857142857
1660,Detected,1.086039E9,1.7465045070422534E7
1660,Correct,1.082457E9,5024714.285714285
1660,Correct,6.77034E8,5624428.571428572
1675,Detected,7.71926E8,7321954.285714285
1675,Detected,8.20364E8,8039561.4754098365
1534,Detected,6.98549E8,7515773.80952381
1494,Correct,7.69492E8,3981352.9411764704
1494,Correct,9.15089E8,4985388.888888889
1494,Correct,7.03912E8,5346000.0
1494,Correct,8.25554E8,3962600.0
1494,Detected,8.64432E8,6637867.346938776
1557,Detected,8.91249E8,8076275.862068965
1557,Correct,7.71033E8,3815411.7647058824
1557,Detected,8.17007E8,6171029.411764706
1509,Detected,7.27682E8,6809453.125
1509,Detected,7.20648E8,7050558.282208589
1509,Detected,8.20568E8,7134728.813559322
1531,Correct,9.99389E8,4080428.5714285714
1531,Detected,6.78258E8,7326404.761904762
1531,Correct,1.145494E9,4283357.142857143
1523,Correct,8.23492E8,4830411.764705882
1523,Correct,8.77437E8,5511111.111111111
1523,Detected,7.8626E8,6947125.0
1575,Correct,7.7366E8,5122294.117647059
1575,Detected,1.048349E9,8518927.710843373
1575,Correct,1.131837E9,5558785.714285715
1561,Detected,1.074013E9,6321357.142857143
1561,Detected,7.43579E8,7469682.634730539
1561,Correct,6.27561E8,5338071.428571428
1564,Detected,7.72931E8,7070577.464788732
1564,Correct,8.8177E8,5212111.111111111
1564,Correct,1.033552E9,4237722.222222222
1516,Partially Correct,9.25541E8,5815117.647058823
1474,Detected,1.008683E9,8545978.723404255
1474,Detected,9.88625E8,4687605.263157895
1474,Detected,7.39446E8,5241617.97752809
1307,Correct,7.1164E8,5846791.666666667
1307,Correct,8.21499E8,5564470.588235294
1307,Detected,7.1757E8,6264987.951807229
1307,Correct,6.23327E8,5569285.714285715
1397,Partially Correct,1.126712E9,5266071.428571428
1397,Detected,7.93622E8,6216358.974358974
1397,Correct,8.22398E8,3600411.7647058824
1521,Detected,7.04284E8,6927722.222222222
1448,Correct,7.64569E8,5842500.0
1448,Detected,6.35155E8,8125972.222222222
1448,Detected,1.04196E9,6457412.698412699
1563,Correct,6.70023E8,4557392.857142857
1563,Correct,9.98667E8,6166000.0
1563,Correct,1.081122E9,5978071.428571428
1212,Detected,1.073776E9,6468159.420289855
1212,Correct,1.087715E9,5484571.428571428
1212,Detected,1.105819E9,8640657.894736841
1212,Detected,6.98093E8,5827438.356164384
1700,Correct,1.089265E9,5985714.285714285
1700,Correct,1.137258E9,6378000.0
1700,Correct,1.133276E9,5568500.0
1648,Correct,8.25531E8,5168000.0
1236,Detected,8.74026E8,5319486.486486486
1236,Correct,1.125055E9,4069285.714285714
1236,Correct,8.22943E8,4182266.6666666665
1901,Partially Correct,1.080826E9,4334714.285714285
1956,Partially Correct,8.13771E8,4597882.352941177
1786,Detected,1.030605E9,9076842.105263159
1786,Detected,1.115347E9,7234723.684210527
1786,Correct,6.26775E8,4708714.285714285
1786,Correct,9.90953E8,5504884.615384615
1786,Detected,1.002176E9,8869918.518518519
1637,Correct,7.26376E8,4879684.2105263155
1441,Partially Correct,1.077716E9,5556642.857142857
1441,False Negative,9.6723E8,7743777.777777778
1441,Correct,9.29953E8,4978000.0
1577,Partially Correct,1.022972E9,6024260.869565218
1577,Partially Correct,8.95231E8,5274370.37037037
1577,Correct,8.33163E8,5712000.0
1279,Detected,1.120171E9,7192500.0
1279,Correct,7.71861E8,5010000.0
1279,Correct,1.102105E9,4038631.5789473685
1279,Correct,1.090445E9,5951714.285714285
1553,False Negative,6716000.0,1.0433373170731707E7
1553,Partially Correct,8.42425E8,4313411.764705882
1553,Partially Correct,7.91916E8,3724705.882352941
1553,Detected,1.066605E9,6563269.841269841
1553,Detected,1.078432E9,6839602.94117647
1683,Correct,8.3396E8,5320736.842105263
1564,Correct,9.7941E8,5359840.0
1564,Detected,6.99055E8,7483754.385964912
1564,Correct,1.081034E9,6258142.857142857
1435,Detected,7.22236E8,8165158.620689655
1435,Detected,1.047339E9,6064274.193548387
1435,Detected,9.99104E8,6727604.9382716045
1435,Detected,9.17069E8,6813690.140845071
2015,Detected,6.62904E8,1.5413402140672782E7
1558,Correct,1.083935E9,4263428.571428572
1558,Correct,7.7453E8,5104700.0
1558,Partially Correct,7.73403E8,4383529.411764706
1592,Correct,1.074523E9,4127071.4285714286
1668,Correct,6.61544E8,6258761.904761905
1668,Detected,9.28963E8,8744774.647887323
1668,Correct,1.07332E8,5192230.769230769
1593,Detected,7.60256E8,6545513.888888889
1593,Detected,9.85914E8,7720398.80952381
1593,Correct,1.17847E8,5080733.333333333
1587,Partially Correct,9.74139E8,4873387.096774193
1587,Correct,1.12622E8,5704533.333333333
1587,Correct,7.45181E8,5489200.0
2001,Correct,1.050247E9,6407375.0
2001,Correct,1.132498E9,4843714.285714285
787,Correct,1.076569E9,4907571.428571428
787,Correct,7.72557E8,6678866.666666667
787,Detected,7.63866E8,6886693.333333333
787,Correct,1.08776E8,5644666.666666667
787,Detected,6.93229E8,8191000.0
1509,Detected,7.9651E8,8530154.761904761
1509,Correct,8.23488E8,4369294.117647059
1509,Detected,1.02818E9,9350046.875
1509,Detected,1.082005E9,7235803.03030303
1656,Detected,8.50808E8,9308191.780821918
1656,Partially Correct,7.76391E8,5773352.94117647
1656,Detected,8.36604E8,8573812.903225806
1718,Detected,1.049438E9,1.053700892857143E7
1718,Detected,1.12391E9,6500576.923076923
1504,Partially Correct,1.079698E9,5566000.0
1504,Detected,8.79114E8,8454903.553299492
1504,Detected,8.68577E8,7197960.0
2103,Correct,1.126106E9,7644052.631578947
1271,Detected,9.48009E8,6022166.666666667
1271,Correct,1.091989E9,5440714.285714285
1271,Correct,1.0808E9,6317500.0
1271,Correct,1.086769E9,6771428.571428572
1996,False Negative,8292000.0,1.0978708487084871E7
1996,Detected,8.79874E8,7899160.714285715
1996,Detected,9.33091E8,6595344.537815126
1996,Correct,1.044711E9,5542945.945945946
1475,Correct,7.72918E8,5245941.176470588
1475,Correct,9.12161E8,7066263.157894737
1475,Correct,8.60066E8,6276800.0
1611,Detected,8.27806E8,6081117.647058823
1611,Correct,8.25123E8,4868600.0
1611,Detected,6.39258E8,6383086.956521739
1633,Correct,7.86615E8,5826103.448275862
1633,Correct,9.11111E8,4399176.470588235
2152,Partially Correct,7.71673E8,4696333.333333333
2152,Partially Correct,1.124992E9,5337714.285714285
2152,Partially Correct,6.75975E8,6848928.571428572
2152,Detected,1.012971E9,7135691.056910569
2152,Detected,9.08659E8,9793449.308755761
2152,Partially Correct,6.71177E8,4565428.571428572
2152,Partially Correct,1.072494E9,4387357.142857143
2152,Detected,1.022223E9,8136617.886178861
2152,Detected,9.14101E8,1.2859596797671033E7
2152,Partially Correct,1.124247E9,6285571.428571428
2152,Partially Correct,1.094574E9,5658000.0
2152,Detected,1.063099E9,8429894.30894309
2152,Detected,9.95774E8,9281527.649769586
2152,Partially Correct,6.65681E8,4664785.714285715
2152,Partially Correct,1.038826E9,5932285.714285715
2152,Detected,8.76093E8,8488276.422764227
1535,Detected,7.63666E8,7030263.888888889
1535,Detected,1.099184E9,8485330.09708738
1535,Detected,6.82548E8,7259707.692307692
1535,Correct,6.68286E8,5890318.181818182
1535,Detected,8.88491E8,7469922.077922078
1831,Detected,9.79791E8,1.0569166666666666E7
1831,Detected,9.12505E8,1.1594979827089338E7
1831,False Negative,NaN,1.248677570093458E7
1831,Incorrect,1.039872E9,6221133.333333333
1763,Incorrect,7.7081E8,4581777.777777778
1763,Detected,8.44226E8,7970225.165562914
1763,Partially Correct,1.080027E9,4931761.904761905
1763,Detected,7.63165E8,8909312.5
1763,Correct,1.092689E9,6020200.0
1568,Correct,9.22031E8,8206071.428571428
2117,False Negative,1.2666E7,1.3721441687344912E7
1701,Correct,7.79926E8,5947714.285714285
1701,Correct,1.06112E8,5012047.619047619
1701,Correct,8.78075E8,5235200.0
1701,Correct,1.087809E9,4456571.428571428
1666,Incorrect,1.09402E8,4750111.111111111
1666,Detected,7.33043E8,5886884.146341464
1666,Partially Correct,1.30029E8,5819400.0
1666,Incorrect,1.10253E8,5043666.666666667
1666,Partially Correct,1.28064E8,4791100.0
1666,Partially Correct,1.46227E8,5883533.333333333
1912,Detected,7.1382E8,9900654.04040404
1720,Detected,1.111572E9,8770299.251870325
1720,Correct,9.33944E8,4620388.888888889
1720,Detected,9.11851E8,7376830.882352941
1788,Correct,7.79101E8,6328038.461538462
1572,Detected,8.16101E8,1.4370325657894736E7
1572,False Negative,6.21988E8,7249058.823529412
1572,Incorrect,6.77538E8,5595142.857142857
2157,Partially Correct,1.36033E8,3765588.2352941176
2231,Detected,1.06599E9,7333545.682102628
1648,Detected,8.30056E8,5820699.346405229
1648,Correct,7.74796E8,3983352.9411764704
1759,Correct,9.69453E8,6294200.0
1759,Correct,1.192833E9,5614157.894736842
1759,Detected,1.088935E9,6912065.573770491
1759,Correct,1.16481E8,4664315.7894736845
1759,Correct,9.3168E8,5887388.888888889
1759,Detected,9.10638E8,6139965.3179190755
1694,Correct,8.45416E8,5393000.0
1694,False Negative,NaN,6916925.619834711
1758,Partially Correct,6.67398E8,6628736.842105263
1758,Correct,6.2884E8,7646793.1034482755
1758,Detected,6.1746E8,7021666.666666667
2204,Partially Correct,7.64433E8,6695742.857142857
2204,Detected,9.03939E8,8358377.777777778
2204,Detected,7.06204E8,1.1176888888888888E7
1204,Detected,8.05862E8,7274576.923076923
1204,Correct,7.63368E8,4981066.666666667
1204,Detected,1.054971E9,9052142.857142856
1204,Detected,1.091588E9,6097700.0
1204,Correct,7.71147E8,5119842.105263158
1204,Detected,8.35065E8,5517152.777777778
1836,Incorrect,1.050127E9,4261666.666666667
1836,Detected,1.082998E9,8973064.516129032
1836,Correct,7.70142E8,5924181.818181818
1836,Correct,9.48955E8,5842947.368421053
1836,Correct,6.31495E8,5369937.5
1634,Detected,2.9183545E9,1.750856862745098E7
1634,False Negative,5.277223E9,1.3064011904761905E7
1634,Detected,7.25777E8,8018063.29113924
1944,Detected,6.62229E8,8827311.764705881
1693,Detected,8.68196E8,9376536.082474226
1693,Correct,1.044487E9,4354350.0
1693,Correct,1.149952E9,5520500.0
1693,Detected,6.21589E8,8912244.680851065
1893,Partially Correct,7.51489E8,5720040.0
1893,Correct,1.07798E9,7456714.285714285
1893,Correct,6.69898E8,4887875.0
1893,Correct,1.058344E9,5402625.0
1853,Detected,1.029106E9,1.02589536E7
1853,Detected,1.050548E9,7037180.85106383
1853,Detected,8.86809E8,9676357.142857144
1853,Partially Correct,1.132176E9,5791565.217391305
1853,Detected,9.80968E8,8874393.617021276
1853,Detected,8.52444E8,9276543.956043957
2336,Detected,7.91267E8,9765388.57142857
2336,Detected,1.0519E9,9083525.714285715
2336,Correct,7.2143E8,8416192.98245614
1718,False Negative,NaN,1.0543519379844962E7
1718,Detected,7.29945E8,6576928.571428572
1718,Detected,9.09834E8,5773637.2549019605
1960,Partially Correct,7.24388E8,6606842.105263158
1960,Correct,7.74338E8,5176066.666666667
1960,Detected,7.93131E8,9140575.916230366
1863,Partially Correct,7.17562E8,5277235.294117647
1422,Correct,7.43278E8,5741500.0
1422,Correct,8.24221E8,3961800.0
1422,Detected,6.32054E8,6044227.2727272725
1422,Detected,7.64706E8,5777159.420289855
1881,Partially Correct,8.87904E8,6091760.0
1881,Detected,7.02113E8,5764661.417322835
1881,Detected,6.94117E8,8252867.469879518
1881,Detected,1.075618E9,1.4229871382636655E7
1881,Detected,8.86046E8,8487602.272727273
1881,Partially Correct,9.84478E8,6533531.25
1881,Detected,7.62347E8,9618113.636363637
1881,Detected,1.07535E9,1.4287040322580645E7
1635,Detected,7.10268E8,1.238181512605042E7
1635,Detected,7.34282E8,8491023.529411765
1635,Correct,7.2532E8,6338904.761904762
1635,Correct,7.88159E8,7718083.333333333
1391,Detected,1.051479E9,6633013.333333333
1391,Detected,6.24043E8,6343650.0
1391,Detected,7.18233E8,5255191.780821918
1930,Partially Correct,7.72129E8,5488882.352941177
1930,Correct,7.30347E8,7020210.52631579
1930,Partially Correct,1.140295E9,5793857.142857143
3029,Partially Correct,6.18988E8,6102714.285714285
1264,False Negative,9.19646E8,6160500.0
1264,Correct,6.72472E8,6102357.142857143
1264,False Negative,9.82189E8,6725888.888888889
1264,Partially Correct,1.050704E9,5478066.666666667
1704,Partially Correct,1.07975E9,6772428.571428572
1704,Partially Correct,1.089467E9,5341428.571428572
2299,Partially Correct,7.77571E8,5767793.1034482755
1600,Correct,6.56591E8,5967304.347826087
1600,Detected,9.00811E8,5889689.655172414
1600,Detected,9.90675E8,7524720.0
1658,Detected,9.3174E8,7273985.915492957
1658,Partially Correct,7.76942E8,4365294.117647059
1448,Detected,7.26445E8,6646471.428571428
1448,Detected,7.81139E8,8556437.5
1448,Detected,1.041681E9,5152637.68115942
1448,Correct,8.25189E8,4637200.0
1448,Detected,6.69474E8,6380157.142857143
1448,Correct,8.76474E8,5434777.777777778
1478,Correct,7.08988E8,4894000.0
1478,Detected,9.9381E8,6239217.391304348
1478,Detected,8.29484E8,5145492.7536231885
1478,Detected,6.80124E8,6867512.820512821
1478,Correct,8.88195E8,6490266.666666667
2311,Partially Correct,1.071406E9,4335785.714285715
2231,Partially Correct,8.21691E8,4321470.588235294
1540,Correct,6.46416E8,4892826.0869565215
1540,Correct,7.19118E8,5466238.095238095
2490,Partially Correct,7.17207E8,5192866.666666667
2160,Detected,7.21612E8,1.0833835087719299E7
2160,Detected,8.93555E8,9824834.55882353
2160,Partially Correct,8.26683E8,5741965.517241379
2160,Detected,9.72012E8,1.2228279411764706E7
1853,Correct,1.032123E9,6673366.666666667
1853,Partially Correct,9.36664E8,5024750.0
1271,Correct,6.76715E8,5809764.705882353
1271,Detected,8.14173E8,1.0957608108108109E7
1271,Detected,8.83213E8,8569765.625
1271,Detected,7.94212E8,6123400.0
1271,Correct,7.50516E8,4921066.666666667
1824,Correct,1.017921E9,5781666.666666667
1824,Correct,1.10361E9,6689750.0
1824,Correct,7.48607E8,5401571.428571428
1824,Correct,9.32822E8,7794739.130434782
1827,Correct,9.3043E8,6166058.823529412
1827,Correct,6.89242E8,7009619.047619048
1827,Detected,1.045659E9,9054978.102189781
1827,Correct,9.91001E8,5891222.222222222
1959,Partially Correct,1.083735E9,5649071.428571428
1759,Correct,9.68772E8,6533142.857142857
1759,Detected,7.82169E8,7460495.145631068
1759,Detected,9.55299E8,7048245.901639344
1759,Detected,9.43781E8,8480314.606741574
1650,Correct,8.36283E8,5442190.476190476
1650,Correct,8.20856E8,4064941.1764705884
1650,Partially Correct,1.033074E9,4360928.571428572
1650,Detected,9.68649E8,5260753.731343283
1846,Detected,8.16249E8,8265085.714285715
1846,Partially Correct,1.027956E9,5616791.666666667
1846,Correct,1.23972E8,5568619.047619048
1846,Partially Correct,1.61762E8,5716960.0
1846,Correct,7.12505E8,8728904.761904761
1846,Incorrect,7.85553E8,5925750.0
1846,Correct,9.37022E8,6422857.142857143
1846,Partially Correct,8.47328E8,5528720.0
1846,Correct,9.44069E8,5745238.095238095
1871,Detected,7.74736E8,8063144.144144144
1871,False Negative,NaN,1.5042036876355749E7
1871,Partially Correct,7.66586E8,6585740.740740741
1871,Partially Correct,7.87699E8,6135666.666666667
1871,Partially Correct,7.62652E8,7374333.333333333
1871,Partially Correct,1.159258E9,6073900.0
1871,Detected,1.059215E9,8615542.372881357
1871,Detected,6.32097E8,1.0006635416666666E7
1871,Partially Correct,1.159103E9,6289900.0
1871,Detected,7.0034E8,8624525.423728814
1491,Correct,8.0117E8,5880521.739130435
1491,Incorrect,9.84391E8,5076346.153846154
1491,Detected,8.2478E8,8171979.166666667
1491,Correct,6.31232E8,4634000.0
1784,Detected,6.68115E8,1.1055489583333334E7
1715,Correct,7.14542E8,6258870.9677419355
1715,Correct,6.51059E8,4942263.157894737
1715,Detected,8.85619E8,7265307.692307692
1767,Partially Correct,6.918E8,4356571.428571428
1767,Correct,9.84141E8,5779631.578947368
1767,Detected,1.105025E9,6302983.870967742
1767,Correct,6.80923E8,5840928.571428572
1853,Partially Correct,1.039714E9,5371681.818181818
2219,Correct,1.085447E9,4857739.130434782
2219,Correct,1.11194E8,4185888.888888889
2219,Partially Correct,1.163117E9,5431928.571428572
1610,Correct,1.0815E9,4119928.5714285714
1610,Detected,7.39885E8,8880246.268656716
1610,Detected,6.41603E8,6864358.974358974
1610,Detected,1.045531E9,8473387.75510204
1610,Detected,8.14791E8,6502850.0
1610,Detected,8.91493E8,6183872.0930232555
1551,Partially Correct,8.26706E8,4140764.705882353
1551,Detected,6.92191E8,8926623.076923076
1551,Detected,1.033753E9,8614584.795321638
2265,Partially Correct,8.28746E8,4722647.05882353
1381,Correct,7.27696E8,6324800.0
1381,Detected,1.109625E9,9145833.333333334
1381,Detected,9.51336E8,7076360.655737705
1381,Detected,8.81648E8,7943954.022988506
1381,Correct,6.72835E8,4457588.235294118
1690,Partially Correct,7.09675E8,6587444.444444444
1690,Detected,9.47899E8,1.0255806282722512E7
1690,Correct,7.59397E8,5002705.882352941
1690,Detected,8.5369E8,6987657.534246575
1690,Correct,6.97849E8,6696941.176470588
1690,Detected,8.59497E8,1.1661135869565217E7
1690,Detected,1.080666E9,8578471.153846154
1658,Correct,9.21128E8,7263150.0
1658,Partially Correct,1.137777E9,6255214.285714285
1658,Detected,8.31824E8,6320400.0
2023,Detected,1.067763E9,7947840.163934426
2023,Partially Correct,1.135765E9,4506785.714285715
2023,Partially Correct,1.146863E9,4868214.285714285
1670,Detected,7.97093E8,8574552.147239264
1670,Detected,8.7911E8,6403882.882882883
1670,Correct,7.33946E8,5033272.7272727275
2140,Detected,7.13452E8,1.0535438356164383E7
2140,Detected,1.048073E9,1.3484463284379173E7
2009,Partially Correct,1.19127E8,5593357.142857143
1651,Detected,1.053523E9,7692436.893203883
1651,Correct,1.047979E9,6302750.0
1651,Correct,1.03148E9,5549105.263157895
1721,Correct,8.23147E8,4820058.823529412
1721,Correct,7.77926E8,4776933.333333333
1721,Correct,1.12941E8,5017733.333333333
1721,Correct,8.29465E8,5079647.05882353
2122,Partially Correct,7.74778E8,4942176.470588235
2122,Detected,8.01179E8,9307357.664233577
2122,Detected,7.02193E8,9354730.994152047
2122,Detected,1.14919E9,9393307.01754386
1686,Detected,7.61369E8,8605239.520958085
1686,Partially Correct,7.73765E8,5370176.470588235
1686,Detected,1.034635E9,9868024.691358024
1360,Detected,6.01978E8,7548455.882352941
1360,Correct,9.8606E7,6266142.857142857
1360,Detected,7.03733E8,6538514.705882353
1360,Correct,8.3413E8,6317095.238095238
1360,Partially Correct,9.28764E8,6399500.0
1360,Detected,7.69204E8,7748015.873015873
1360,Detected,6.79075E8,9508977.272727273
1360,Detected,6.91144E8,8691698.412698412
2058,Detected,6.57702E8,1.2946860236220472E7
2058,Partially Correct,1.66549E8,7506114.285714285
2107,Partially Correct,9.06006E8,5884225.806451613
2002,Partially Correct,1.09188E8,4261000.0
2411,Detected,8.03043E8,1.8955416120576672E7
1903,Correct,8.75115E8,5264040.0
1903,Correct,1.082864E9,5839606.060606061
1903,Correct,1.088201E9,5497500.0
1903,Detected,8.15558E8,8669786.885245902
748,Incorrect,6.66831E8,5502384.615384615
748,Detected,6.20915E8,9534188.405797102
748,Correct,7.90347E8,4256733.333333333
748,Detected,1.037833E9,9768012.048192771
748,Detected,9.74459E8,6341279.411764706
748,Detected,9.86786E8,7007561.403508772
1931,False Negative,NaN,7856625.0
1931,Correct,1.088725E9,5348218.75
1931,Detected,7.54029E8,6027358.974358974
1931,Correct,1.094249E9,4303642.857142857
1931,Correct,1.096366E9,5600142.857142857
1804,False Negative,8.79983E8,5643000.0
1804,Detected,1.128394E9,7918515.52795031
1804,Partially Correct,1.141863E9,5776142.857142857
1754,Detected,9.37701E8,7423476.470588235
1754,Detected,9.44682E8,1.0128237762237763E7
1754,Correct,7.2569E8,5915000.0
1751,Correct,7.7403E8,4920074.074074074
1751,Partially Correct,1.114107E9,4505857.142857143
1751,Detected,9.72695E8,6053079.365079365
1751,Detected,9.3851E8,7675647.05882353
2392,Detected,8.44471E8,1.3984234924623115E7
2392,Detected,9.41617E8,1.3239966101694915E7
2392,Detected,1.092612E9,9869558.035714285
2392,Correct,6.84467E8,5367954.545454546
2392,Detected,8.37013E8,9962088.541666666
2392,Detected,1.068223E9,1.0312333333333334E7
2392,Detected,1.015966E9,8177066.964285715
2392,Correct,1.09392E9,5521090.909090909
2392,False Negative,7241000.0,9188529.680365296
2043,False Negative,5.18098E9,1.111126643598616E7
2043,Detected,3.000432E9,7000805.031446541
2043,Correct,6.32838E8,4272285.714285715
1821,Detected,9.62263E8,7045683.908045977
1821,Detected,1.023768E9,9666307.189542484
1821,Detected,1.09291E9,7954945.054945055
1869,Correct,1.036923E9,6624789.47368421
1869,Detected,8.75726E8,8183593.75
1869,Correct,9.42756E8,6751315.7894736845
1869,Incorrect,7.90218E8,5536944.444444444
1869,Detected,7.91372E8,9840908.745247148
1875,Partially Correct,1.072375E9,5217083.333333333
1875,Partially Correct,7.85602E8,5408764.705882353
1875,Detected,7.97889E8,7825921.985815603
2191,Correct,6.94165E8,9515541.666666666
2191,Detected,7.14277E8,1.2514925984251969E7
2191,Detected,8.78801E8,9571606.481481481
2191,Detected,1.032547E9,1.0662701149425287E7
1463,Correct,7.74859E8,7520333.333333333
1463,Correct,7.1767E8,6105190.476190476
1463,Correct,7.75078E8,5940733.333333333
1463,Detected,6.62447E8,8988008.620689655
1463,Incorrect,7.97074E8,5638117.647058823
1463,Detected,9.10622E8,8241522.522522522
1463,Correct,1.100292E9,6419071.428571428
1463,Detected,9.0646E8,8053609.375
2022,Correct,6.92232E8,5581105.263157895
2022,Correct,1.03815E9,5309894.736842105
1981,Correct,7.99408E8,5859512.820512821
1981,Correct,7.80799E8,4942117.647058823
1981,Detected,9.46201E8,5729542.857142857
1981,Correct,6.45854E8,3991857.1428571427
2333,Partially Correct,8.6976E8,4841444.444444444
1948,Detected,7.06706E8,1.4855117867165575E7
2196,Detected,8.28379E8,9159471.365638766
2196,Detected,9.80615E8,6678562.5
2196,Detected,7.53745E8,9249337.931034483
2196,Detected,1.004328E9,6300414.0625
1566,Correct,1.17997E8,5467350.0
1566,Partially Correct,1.094178E9,5981681.818181818
1566,Partially Correct,8.6259E8,6512666.666666667
1566,Correct,8.37875E8,5113529.411764706
1913,Correct,8.37018E8,5057629.62962963
1913,Detected,9.40674E8,6464752.94117647
2238,Partially Correct,9.93342E8,4127687.5
2238,False Negative,NaN,1.2296048250904705E7
2238,Detected,8.76042E8,8825651.162790697
1774,Detected,1.018072E9,7228157.575757576
1774,Correct,6.45497E8,6116476.19047619
1774,Correct,7.81325E8,5533875.0
2177,Correct,8.84674E8,4623444.444444444
2177,Detected,9.99906E8,9182048.859934853
2309,False Negative,NaN,1.2718500932835821E7
1829,False Negative,NaN,8812958.90410959
1829,False Negative,NaN,7648010.416666667
1829,Correct,6.7147E8,4931964.285714285
1829,Partially Correct,1.143647E9,4670928.571428572
1829,Detected,8.68056E8,7573136.363636363
1892,Detected,1.037635E9,6160000.0
1892,Detected,6.8009E8,6923810.996563574
1892,Correct,6.35525E8,4982428.571428572
2192,Incorrect,9.63986E8,5791000.0
2192,Detected,8.58238E8,1.736944642857143E7
2192,Detected,1.016943E9,1.2261564935064934E7
2192,Detected,1.15737E9,1.1889964454976304E7
2192,Detected,9.00857E8,1.2225922077922078E7
2192,Detected,6.54188E8,7367526.666666667
2192,Correct,6.59646E8,6055491.525423729
1662,Correct,8.92138E8,4957730.769230769
1662,Detected,8.39071E8,5239909.090909091
1662,Correct,1.09141E8,4583500.0
1662,Correct,1.088215E9,4562409.090909091
1662,Detected,1.110105E9,7787767.123287671
1662,Partially Correct,1.114439E9,4208142.857142857
2459,Partially Correct,1.097631E9,5282785.714285715
2459,Partially Correct,1.090889E9,4889642.857142857
1774,Detected,8.14847E8,6955373.493975904
1774,Correct,9.2936E8,4489457.142857143
1774,Detected,8.63428E8,6242686.746987952
1774,Correct,8.28186E8,5286257.142857143
1774,Correct,1.09373E8,3824000.0
1650,Correct,6.22913E8,5340285.714285715
1650,Correct,6.84913E8,3920571.4285714286
1950,Partially Correct,1.037904E9,5572086.956521739
1950,Detected,9.51687E8,9902553.191489361
1950,Partially Correct,8.89601E8,7578000.0
1950,False Negative,5.360426E9,8708431.654676259
1864,Correct,6.58196E8,6557681.818181818
1864,Detected,8.94255E8,7118376.344086021
1864,Correct,8.37E8,5607133.333333333
1351,Correct,7.64041E8,5616190.476190476
1351,Detected,9.29215E8,6087050.847457627
1351,Correct,7.48662E8,5216727.2727272725
1351,Detected,6.98084E8,5521042.857142857
1351,Detected,6.94059E8,6172963.414634147
1351,Correct,7.82374E8,4003117.6470588236
1376,Detected,7.48094E8,6096196.96969697
1376,Correct,1.07445E8,4469600.0
1376,Detected,7.85178E8,7186487.5
1376,Correct,8.32573E8,5243352.94117647
1376,Correct,7.28962E8,5783133.333333333
1376,Detected,6.31321E8,5422763.157894737
1784,Detected,1.003881E9,7856666.666666667
1784,Detected,9.89797E8,6816491.525423729
1784,Partially Correct,9.0003E8,6022611.111111111
1784,Correct,7.30271E8,5561238.095238095
1592,Detected,6.20691E8,7323603.658536585
1592,Detected,1.03574E9,5770801.652892562
1592,Correct,1.038123E9,5288785.714285715
1592,Correct,8.33724E8,5467720.0
1592,Correct,6.27944E8,5382000.0
1592,Correct,8.31713E8,4929280.0
1967,Detected,9.36022E8,7182322.580645162
1953,Detected,8.92478E8,6397658.823529412
1953,Detected,6.46474E8,5400366.666666667
1611,Detected,1.132945E9,7869327.188940092
1611,Partially Correct,8.34032E8,5098235.294117647
2152,Detected,7.9657E8,5931302.013422819
2152,Correct,8.21223E8,6772285.714285715
2152,Partially Correct,8.36685E8,5400529.411764706
1832,Detected,1.028029E9,6784450.0
1832,Partially Correct,6.27474E8,5866642.857142857
1832,Detected,9.33602E8,8018820.512820513
1861,Correct,8.43281E8,6147050.0
1861,Detected,9.48393E8,8688007.352941176
1861,Partially Correct,7.95862E8,5926500.0
1861,Detected,7.42219E8,1.1369736170212766E7
2017,Detected,1.055508E9,1.368053142857143E7
1786,Detected,6.90982E8,7724641.566265061
1786,Detected,7.92928E8,6301630.136986301
1786,Correct,6.80876E8,5327941.176470588
1786,Correct,1.145819E9,5425285.714285715
1786,Correct,9.94354E8,4669217.391304348
1786,Correct,6.31306E8,5602714.285714285
1735,False Negative,6.104821E9,9149200.0
1735,Partially Correct,6.7505E8,5426095.238095238
1735,Partially Correct,8.34621E8,5046692.307692308
1735,Detected,1.018761E9,5700582.278481012
1735,Correct,8.36912E8,3895352.9411764704
1735,Correct,7.32604E8,4015705.882352941
1745,Detected,8.73776E8,5810463.768115942
1745,Detected,7.6948E8,6325341.463414635
1745,Detected,7.12266E8,5559959.459459459
1745,Correct,6.92818E8,6965333.333333333
1745,Detected,9.65015E8,5641129.87012987
1745,Detected,6.25091E8,8909644.736842105
2075,Correct,7.77841E8,5883266.666666667
2075,Partially Correct,9.45818E8,5902941.176470588
2075,Correct,8.36258E8,5488533.333333333
2075,Correct,1.13E8,4713047.619047619
2075,Correct,1.19618E8,4649666.666666667
2075,Correct,1.59591E8,4994285.714285715
2075,Detected,1.071051E9,8577403.50877193
1803,Detected,8.33749E8,7744419.161676647
1803,Detected,6.36163E8,5951062.5
1803,Detected,1.099054E9,7777560.439560439
1803,Detected,9.83141E8,7178203.703703703
1803,Detected,1.018013E9,8899817.07317073
1847,Partially Correct,9.2667E8,5917812.5
1847,Detected,6.90536E8,6921320.987654321
1847,Detected,9.33558E8,6259588.888888889
1847,Detected,7.59806E8,1.0391277173913043E7
1847,Detected,9.22422E8,7387876.543209877
1847,Detected,1.052056E9,6430744.444444444
1847,Detected,8.96693E8,6037034.883720931
1847,Detected,7.76267E8,8103753.424657534
1928,Partially Correct,6.63239E8,4623857.142857143
1928,Detected,9.07216E8,8003727.2727272725
1928,Correct,1.093792E9,4531785.714285715
1928,Detected,7.20378E8,8292428.571428572
1832,Correct,8.82961E8,5195555.555555556
1832,Detected,1.070139E9,5963190.839694656
1832,Detected,7.84321E8,9815752.293577982
1832,Detected,8.30251E8,1.1192495412844036E7
1954,Detected,7.40432E8,8174567.164179104
1954,Detected,7.34016E8,7645702.479338843
1954,Incorrect,7.31752E8,4688033.333333333
1954,Detected,9.78463E8,7137218.390804598
1954,Detected,6.26279E8,9043714.285714285
1954,Detected,9.59973E8,7624418.918918919
1779,Detected,6.77533E8,1.1107267692307692E7
1897,Detected,7.71331E8,6232301.369863014
1897,Correct,1.092097E9,5618357.142857143
1887,Detected,8.6303E8,1.0944264822134387E7
1887,Detected,6.95818E8,6017813.186813187
1887,Correct,1.090797E9,4718214.285714285
1887,Incorrect,1.128873E9,6072214.285714285
1887,Detected,1.017948E9,5831846.153846154
1887,Correct,1.0831E9,4975642.857142857
1887,Detected,1.089525E9,5862250.0
1887,Detected,1.061244E9,5807422.680412371
1945,False Negative,NaN,8163957.746478873
1945,Detected,1.087608E9,8624044.444444444
1945,Detected,7.42893E8,7840139.784946237
1945,Detected,1.006297E9,7194017.857142857
1945,Incorrect,1.088973E9,5425357.142857143
1945,Detected,6.65065E8,6972823.529411765
1945,Partially Correct,1.005819E9,5004800.0
2160,Partially Correct,1.084111E9,5228000.0
2160,Detected,9.74535E8,8559185.0
1867,Detected,8.54565E8,7085089.552238806
1867,Correct,8.79021E8,4658000.0
1867,Detected,1.041714E9,6171972.972972973
1867,Correct,7.77731E8,5033714.285714285
1867,Detected,8.0461E8,5236523.80952381
1867,Correct,1.000749E9,4861606.060606061
1937,Correct,1.087978E9,4566928.571428572
1937,Correct,1.093109E9,5423285.714285715
1937,Detected,8.03501E8,6484243.243243244
1873,Detected,9.03911E8,5970481.481481481
1873,Correct,6.24482E8,5312714.285714285
1873,Correct,1.083812E9,5796111.111111111
1873,Correct,7.75927E8,4811058.823529412
1873,Detected,7.36124E8,7179562.5
1873,False Negative,7.70113E8,5053352.94117647
1873,Partially Correct,8.03847E8,4308294.117647059
1819,Correct,7.7937E8,5864000.0
2466,Correct,7.33253E8,5839866.666666667
1889,Detected,7.20958E8,5546761.904761905
1889,Detected,8.31233E8,6765052.083333333
1889,Detected,7.8628E8,7534447.916666667
1889,Detected,6.99945E8,8638406.25
1889,Detected,9.69871E8,6849819.14893617
2068,Incorrect,7.85862E8,6550150.0
2068,Correct,1.043116E9,5137291.666666667
2068,Correct,7.00467E8,5849043.478260869
2068,Incorrect,1.046892E9,4983400.0
2068,Correct,9.38549E8,6835058.823529412
2106,Detected,8.1601E8,8282971.649484536
2106,Detected,7.98951E8,7343508.333333333
1993,Correct,7.16737E8,6834315.7894736845
1993,Partially Correct,6.78055E8,5515700.0
1993,Partially Correct,1.142678E9,5755500.0
2046,Detected,8.99401E8,7679322.857142857
2046,Correct,9.42411E8,5984666.666666667
1508,Detected,1.061998E9,7429475.609756097
1508,Detected,1.073189E9,6546656.25
1508,Detected,8.99818E8,5923674.157303371
1508,Correct,8.33787E8,4248400.0
1659,Correct,9.91652E8,4512187.5
1659,Correct,8.3013E8,4180866.6666666665
1659,Correct,6.81988E8,4949619.047619048
1489,Correct,1.029571E9,4423812.5
1489,Correct,1.054652E9,4228928.571428572
1489,Detected,8.21858E8,9737768.518518519
1489,Detected,8.33364E8,7437000.0
1489,Correct,7.78901E8,4581473.684210527
1489,Correct,1.091932E9,4400857.142857143
1489,Detected,6.53191E8,5806714.285714285
1916,Detected,8.14095E8,9032488.235294119
1916,Partially Correct,7.27637E8,5622642.857142857
1916,Detected,6.69786E8,9436942.528735632
1916,Correct,1.096748E9,6234320.0
1916,Correct,1.028523E9,6254600.0
2004,Detected,9.09972E8,1.0210305970149254E7
2004,Detected,8.2124E8,6975666.666666667
2004,Correct,6.87202E8,5577857.142857143
2004,Detected,6.79807E8,6387276.923076923
1911,Correct,9.81721E8,5004000.0
1911,False Negative,NaN,8573422.535211267
1911,Correct,9.54182E8,5425923.076923077
1911,Correct,6.27695E8,4364857.142857143
1911,Incorrect,8.31186E8,4937823.529411765
1911,Detected,7.89865E8,7590324.786324786
1911,Partially Correct,1.018816E9,5679133.333333333
2349,Correct,8.07019E8,7589590.909090909
2349,Detected,8.63759E8,1.0281576623376623E7
2349,Correct,8.94914E8,6059722.222222222
2349,Partially Correct,1.100175E9,6657071.428571428
2008,Detected,8.70988E8,9372207.792207792
2008,Partially Correct,1.2532E8,5394968.75
2008,Incorrect,1.25812E8,4976812.5
2008,Partially Correct,1.48962E8,5121906.25
1968,Correct,1.139142E9,5526214.285714285
1968,Detected,8.87908E8,5658885.714285715
1968,Correct,1.097726E9,4602785.714285715
1720,Correct,6.27496E8,5547571.428571428
2067,Partially Correct,8.46173E8,5292294.117647059
2067,Detected,1.105695E9,9517678.787878787
2002,Correct,7.25251E8,5658333.333333333
2002,Incorrect,1.093453E9,5751428.571428572
2002,Correct,8.38023E8,5077388.888888889
1825,Detected,6.4269E8,7736649.4845360825
1825,Correct,7.26915E8,6801470.588235294
1825,Correct,7.22567E8,6261800.0
1825,Correct,8.88057E8,4663208.333333333
1817,Detected,1.058735E9,8151060.606060606
1817,Partially Correct,1.1416E9,6015571.428571428
1817,Detected,9.38088E8,7994166.666666667
1817,Correct,6.21318E8,5426260.869565218
2152,Detected,6.57824E8,1.0674954356846472E7
2260,Detected,8.63164E8,9548205.128205128
2260,Detected,1.080514E9,6952840.336134454
2260,Detected,7.76675E8,7028961.538461538
2260,Detected,1.102193E9,6933865.546218487
2260,Detected,6.94516E8,8803166.089965397
2260,Detected,8.48177E8,1.197144061302682E7
1851,Correct,9.85636E8,6013866.666666667
1851,Detected,7.77374E8,7199810.810810811
1851,Correct,9.2543E8,5962722.222222222
1851,Correct,8.82757E8,5799346.153846154
1851,Correct,6.30204E8,4893571.428571428
1851,Correct,7.73543E8,6978448.275862069
1851,Correct,7.68959E8,6165600.0
1851,Detected,8.93509E8,7067948.717948718
1825,Detected,6.78333E8,8905648.80952381
1825,Detected,7.77932E8,7241928.571428572
1825,Detected,9.57721E8,8079574.712643678
1825,Correct,9.85893E8,5518473.684210527
1869,Detected,7.69729E8,8207868.686868687
1869,Detected,1.080905E9,1.303207738095238E7
1869,Correct,1.053419E9,5371210.52631579
1869,Detected,1.109586E9,6827630.25210084
1938,False Negative,NaN,8911924.05063291
1938,False Negative,NaN,9939362.637362637
1938,Detected,6.50817E8,6881982.142857143
1938,Detected,1.12575E9,1.070314393939394E7
1938,Partially Correct,9.03941E8,5325571.428571428
1938,Detected,8.70917E8,7409093.75
1938,Detected,1.020754E9,6765076.923076923
2072,Detected,9.23252E8,8844785.714285715
2072,False Negative,5.192435E9,1.1531833333333334E7
2072,False Negative,6.069807E9,8351870.9677419355
2072,Correct,7.35942E8,7123000.0
2072,Partially Correct,9.45264E8,5472451.612903226
2072,False Negative,5.192667E9,1.311989328063241E7
2072,Partially Correct,8.49048E8,6850718.75
2072,Partially Correct,7.40191E8,7232684.2105263155
2470,Detected,1.086853E9,8489090.03215434
2470,Correct,6.84137E8,7573684.2105263155
2470,Detected,7.21554E8,9638406.077348066
1746,Partially Correct,1.029018E9,5836607.142857143
1746,Correct,7.73472E8,4357705.882352941
1746,Correct,1.13445E8,5362666.666666667
1746,Partially Correct,7.77043E8,5272888.888888889
1746,Detected,8.75109E8,6393868.75
1398,Detected,6.91957E8,7365243.902439024
1398,Detected,1.045579E9,7229962.962962963
1398,Correct,8.26431E8,4745647.05882353
1398,Correct,7.8136E8,4069210.5263157897
1398,Correct,9.82373E8,5640666.666666667
1398,Correct,9.0103E8,5243944.444444444
1398,Correct,1.16443E8,5265333.333333333
1995,Correct,3.1658095E9,1.2810122093023255E7
1995,Detected,1.042232E9,1.0935981776765376E7
1995,Detected,9.12605E8,1.034481954887218E7
1995,Partially Correct,1.126979E9,6358617.647058823
1995,Detected,1.013749E9,9113571.42857143
1798,Correct,6.72056E8,4938956.521739131
1798,Detected,9.53414E8,6794846.153846154
1798,False Negative,8.39071E8,5682266.666666667
1798,Correct,1.232617E9,6443215.909090909
1798,Detected,1.054503E9,1.2210926056338029E7
1798,Partially Correct,6.94458E8,6711700.0
1798,Partially Correct,1.143067E9,6631200.0
1798,Partially Correct,8.63714E8,6032705.882352941
1798,Partially Correct,1.111993E9,5873000.0
2319,False Negative,1.8264E7,8324769.041769042
2319,Detected,8.60579E8,9310816.326530613
2683,Correct,7.79349E8,6322034.482758621
2683,Partially Correct,1.108935E9,6540212.121212121
2683,Correct,1.23056E8,4721600.0
1648,Detected,9.69179E8,6326865.671641791
1648,Correct,9.78746E8,4108750.0
1648,Correct,1.14519E8,4176133.3333333335
1648,Correct,9.3147E8,4265304.347826087
1648,Correct,6.30952E8,5450785.714285715
1648,Detected,1.019323E9,7450383.720930233
1648,Correct,7.82486E8,4202705.882352941
1648,Correct,6.92018E8,6285434.782608695
2269,Incorrect,1.1436E8,5486975.609756097
2269,Partially Correct,1.11106E8,5110421.052631579
2269,Detected,6.73962E8,1.0247036931818182E7
2269,Detected,1.045881E9,9481772.727272727
1932,Correct,8.32469E8,5120148.148148148
1932,Detected,9.21795E8,9071949.494949495
1932,Detected,6.34053E8,8029929.292929293
1932,Detected,9.47686E8,7851553.191489362
1908,Incorrect,9.19366E8,5988200.0
1908,Correct,7.24142E8,4294000.0
1908,False Negative,7.93588E8,7203307.692307692
1908,False Negative,6.81035E8,4931500.0
1908,Partially Correct,6.49472E8,4612526.315789473
1908,Correct,1.22317E8,5586466.666666667
2259,Partially Correct,8.29133E8,4393529.411764706
2259,Detected,8.29645E8,6218421.6867469875
2259,Incorrect,1.143114E9,6222045.454545454
2259,Correct,7.86139E8,5210294.117647059
1598,Detected,6.79048E8,5417888.888888889
